   5.000000e+07,  -2.200334e+01,  8.538180e+01,  -2.746773e-02,  -4.618567e+00,  -2.746773e-02,  -4.618567e+00,  -2.200334e+01,  8.538107e+01
   1.000000e+08,  -1.606477e+01,  8.082111e+01,  -1.088270e-01,  -9.179617e+00,  -1.088270e-01,  -9.179617e+00,  -1.606477e+01,  8.081965e+01
   1.500000e+08,  -1.267632e+01,  7.637123e+01,  -2.410740e-01,  -1.362986e+01,  -2.410740e-01,  -1.362986e+01,  -1.267632e+01,  7.636905e+01
   2.000000e+08,  -1.035764e+01,  7.207775e+01,  -4.195960e-01,  -1.792371e+01,  -4.195960e-01,  -1.792371e+01,  -1.035764e+01,  7.207483e+01
   2.500000e+08,  -8.640530e+00,  6.797632e+01,  -6.386653e-01,  -2.202551e+01,  -6.386653e-01,  -2.202551e+01,  -8.640530e+00,  6.797267e+01
   3.000000e+08,  -7.312683e+00,  6.409187e+01,  -8.919727e-01,  -2.591032e+01,  -8.919727e-01,  -2.591032e+01,  -7.312683e+00,  6.408749e+01
   3.500000e+08,  -6.257808e+00,  6.043904e+01,  -1.173112e+00,  -2.956351e+01,  -1.173112e+00,  -2.956351e+01,  -6.257808e+00,  6.043394e+01
   4.000000e+08,  -5.404190e+00,  5.702347e+01,  -1.475963e+00,  -3.297945e+01,  -1.475963e+00,  -3.297945e+01,  -5.404190e+00,  5.701764e+01
   4.500000e+08,  -4.703941e+00,  5.384354e+01,  -1.794943e+00,  -3.615975e+01,  -1.794943e+00,  -3.615975e+01,  -4.703941e+00,  5.383697e+01
   5.000000e+08,  -4.123273e+00,  5.089220e+01,  -2.125154e+00,  -3.911145e+01,  -2.125154e+00,  -3.911145e+01,  -4.123273e+00,  5.088490e+01
   5.500000e+08,  -3.637410e+00,  4.815871e+01,  -2.462422e+00,  -4.184531e+01,  -2.462422e+00,  -4.184531e+01,  -3.637410e+00,  4.815068e+01
   6.000000e+08,  -3.227676e+00,  4.563000e+01,  -2.803287e+00,  -4.437437e+01,  -2.803287e+00,  -4.437437e+01,  -3.227676e+00,  4.562125e+01
   6.500000e+08,  -2.879710e+00,  4.329186e+01,  -3.144939e+00,  -4.671288e+01,  -3.144939e+00,  -4.671288e+01,  -2.879710e+00,  4.328237e+01
   7.000000e+08,  -2.582296e+00,  4.112968e+01,  -3.485143e+00,  -4.887543e+01,  -3.485143e+00,  -4.887543e+01,  -2.582296e+00,  4.111947e+01
   7.500000e+08,  -2.326572e+00,  3.912910e+01,  -3.822155e+00,  -5.087637e+01,  -3.822155e+00,  -5.087637e+01,  -2.326572e+00,  3.911816e+01
   8.000000e+08,  -2.105467e+00,  3.727636e+01,  -4.154645e+00,  -5.272948e+01,  -4.154645e+00,  -5.272948e+01,  -2.105467e+00,  3.726469e+01
   8.500000e+08,  -1.913291e+00,  3.555848e+01,  -4.481614e+00,  -5.444771e+01,  -4.481614e+00,  -5.444771e+01,  -1.913291e+00,  3.554609e+01
   9.000000e+08,  -1.745432e+00,  3.396347e+01,  -4.802340e+00,  -5.604309e+01,  -4.802340e+00,  -5.604309e+01,  -1.745432e+00,  3.395035e+01
   9.500000e+08,  -1.598127e+00,  3.248027e+01,  -5.116317e+00,  -5.752665e+01,  -5.116317e+00,  -5.752665e+01,  -1.598127e+00,  3.246643e+01
   1.000000e+09,  -1.468288e+00,  3.109883e+01,  -5.423210e+00,  -5.890846e+01,  -5.423210e+00,  -5.890846e+01,  -1.468288e+00,  3.108425e+01
   1.050000e+09,  -1.353364e+00,  2.980999e+01,  -5.722822e+00,  -6.019766e+01,  -5.722822e+00,  -6.019766e+01,  -1.353364e+00,  2.979469e+01
   1.100000e+09,  -1.251237e+00,  2.860550e+01,  -6.015056e+00,  -6.140252e+01,  -6.015056e+00,  -6.140252e+01,  -1.251237e+00,  2.858947e+01
   1.150000e+09,  -1.160141e+00,  2.747789e+01,  -6.299901e+00,  -6.253049e+01,  -6.299901e+00,  -6.253049e+01,  -1.160141e+00,  2.746114e+01
   1.200000e+09,  -1.078594e+00,  2.642044e+01,  -6.577404e+00,  -6.358830e+01,  -6.577404e+00,  -6.358830e+01,  -1.078594e+00,  2.640297e+01
   1.250000e+09,  -1.005349e+00,  2.542711e+01,  -6.847657e+00,  -6.458199e+01,  -6.847657e+00,  -6.458199e+01,  -1.005349e+00,  2.540890e+01
   1.300000e+09,  -9.393485e-01,  2.449243e+01,  -7.110787e+00,  -6.551703e+01,  -7.110787e+00,  -6.551703e+01,  -9.393485e-01,  2.447350e+01
   1.350000e+09,  -8.796950e-01,  2.361150e+01,  -7.366947e+00,  -6.639832e+01,  -7.366947e+00,  -6.639832e+01,  -8.796950e-01,  2.359185e+01
   1.400000e+09,  -8.256218e-01,  2.277990e+01,  -7.616305e+00,  -6.723029e+01,  -7.616305e+00,  -6.723029e+01,  -8.256218e-01,  2.275953e+01
   1.450000e+09,  -7.764719e-01,  2.199363e+01,  -7.859039e+00,  -6.801692e+01,  -7.859039e+00,  -6.801692e+01,  -7.764719e-01,  2.197254e+01
   1.500000e+09,  -7.316803e-01,  2.124909e+01,  -8.095335e+00,  -6.876181e+01,  -8.095335e+00,  -6.876181e+01,  -7.316803e-01,  2.122728e+01
   1.550000e+09,  -6.907587e-01,  2.054303e+01,  -8.325382e+00,  -6.946824e+01,  -8.325382e+00,  -6.946824e+01,  -6.907587e-01,  2.052049e+01
   1.600000e+09,  -6.532843e-01,  1.987249e+01,  -8.549369e+00,  -7.013914e+01,  -8.549369e+00,  -7.013914e+01,  -6.532843e-01,  1.984923e+01
   1.650000e+09,  -6.188891e-01,  1.923481e+01,  -8.767485e+00,  -7.077718e+01,  -8.767485e+00,  -7.077718e+01,  -6.188891e-01,  1.921083e+01
   1.700000e+09,  -5.872523e-01,  1.862755e+01,  -8.979914e+00,  -7.138481e+01,  -8.979914e+00,  -7.138481e+01,  -5.872523e-01,  1.860284e+01
   1.750000e+09,  -5.580929e-01,  1.804850e+01,  -9.186837e+00,  -7.196421e+01,  -9.186837e+00,  -7.196421e+01,  -5.580929e-01,  1.802308e+01
   1.800000e+09,  -5.311644e-01,  1.749567e+01,  -9.388429e+00,  -7.251740e+01,  -9.388429e+00,  -7.251740e+01,  -5.311644e-01,  1.746953e+01
   1.850000e+09,  -5.062497e-01,  1.696721e+01,  -9.584862e+00,  -7.304622e+01,  -9.584862e+00,  -7.304622e+01,  -5.062497e-01,  1.694035e+01
   1.900000e+09,  -4.831570e-01,  1.646146e+01,  -9.776300e+00,  -7.355233e+01,  -9.776300e+00,  -7.355233e+01,  -4.831570e-01,  1.643388e+01
   1.950000e+09,  -4.617166e-01,  1.597688e+01,  -9.962901e+00,  -7.403727e+01,  -9.962901e+00,  -7.403727e+01,  -4.617166e-01,  1.594859e+01
   2.000000e+09,  -4.417779e-01,  1.551207e+01,  -1.014482e+01,  -7.450243e+01,  -1.014482e+01,  -7.450243e+01,  -4.417779e-01,  1.548306e+01
   2.050000e+09,  -4.232068e-01,  1.506575e+01,  -1.032220e+01,  -7.494911e+01,  -1.032220e+01,  -7.494911e+01,  -4.232068e-01,  1.503603e+01
   2.100000e+09,  -4.058836e-01,  1.463674e+01,  -1.049519e+01,  -7.537848e+01,  -1.049519e+01,  -7.537848e+01,  -4.058836e-01,  1.460630e+01
   2.150000e+09,  -3.897016e-01,  1.422395e+01,  -1.066392e+01,  -7.579163e+01,  -1.066392e+01,  -7.579163e+01,  -3.897016e-01,  1.419279e+01
   2.200000e+09,  -3.745648e-01,  1.382637e+01,  -1.082851e+01,  -7.618957e+01,  -1.082851e+01,  -7.618957e+01,  -3.745648e-01,  1.379450e+01
   2.250000e+09,  -3.603872e-01,  1.344308e+01,  -1.098910e+01,  -7.657321e+01,  -1.098910e+01,  -7.657321e+01,  -3.603872e-01,  1.341050e+01
   2.300000e+09,  -3.470913e-01,  1.307324e+01,  -1.114580e+01,  -7.694341e+01,  -1.114580e+01,  -7.694341e+01,  -3.470913e-01,  1.303995e+01
   2.350000e+09,  -3.346073e-01,  1.271604e+01,  -1.129872e+01,  -7.730096e+01,  -1.129872e+01,  -7.730096e+01,  -3.346073e-01,  1.268204e+01
   2.400000e+09,  -3.228721e-01,  1.237076e+01,  -1.144797e+01,  -7.764659e+01,  -1.144797e+01,  -7.764659e+01,  -3.228721e-01,  1.233605e+01
   2.450000e+09,  -3.118287e-01,  1.203672e+01,  -1.159366e+01,  -7.798099e+01,  -1.159366e+01,  -7.798099e+01,  -3.118287e-01,  1.200130e+01
   2.500000e+09,  -3.014251e-01,  1.171329e+01,  -1.173589e+01,  -7.830477e+01,  -1.173589e+01,  -7.830477e+01,  -3.014251e-01,  1.167716e+01
   2.550000e+09,  -2.916143e-01,  1.139989e+01,  -1.187475e+01,  -7.861853e+01,  -1.187475e+01,  -7.861853e+01,  -2.916143e-01,  1.136305e+01
   2.600000e+09,  -2.823536e-01,  1.109596e+01,  -1.201032e+01,  -7.892281e+01,  -1.201032e+01,  -7.892281e+01,  -2.823536e-01,  1.105842e+01
   2.650000e+09,  -2.736040e-01,  1.080100e+01,  -1.214270e+01,  -7.921812e+01,  -1.214270e+01,  -7.921812e+01,  -2.736040e-01,  1.076276e+01
   2.700000e+09,  -2.653297e-01,  1.051454e+01,  -1.227197e+01,  -7.950493e+01,  -1.227197e+01,  -7.950493e+01,  -2.653297e-01,  1.047559e+01
   2.750000e+09,  -2.574982e-01,  1.023613e+01,  -1.239821e+01,  -7.978369e+01,  -1.239821e+01,  -7.978369e+01,  -2.574982e-01,  1.019648e+01
   2.800000e+09,  -2.500798e-01,  9.965364e+00,  -1.252150e+01,  -8.005481e+01,  -1.252150e+01,  -8.005481e+01,  -2.500798e-01,  9.925007e+00
   2.850000e+09,  -2.430470e-01,  9.701846e+00,  -1.264190e+01,  -8.031868e+01,  -1.264190e+01,  -8.031868e+01,  -2.430470e-01,  9.660787e+00
   2.900000e+09,  -2.363747e-01,  9.445215e+00,  -1.275948e+01,  -8.057566e+01,  -1.275948e+01,  -8.057566e+01,  -2.363747e-01,  9.403456e+00
   2.950000e+09,  -2.300400e-01,  9.195130e+00,  -1.287432e+01,  -8.082610e+01,  -1.287432e+01,  -8.082610e+01,  -2.300400e-01,  9.152672e+00
   3.000000e+09,  -2.240215e-01,  8.951272e+00,  -1.298648e+01,  -8.107031e+01,  -1.298648e+01,  -8.107031e+01,  -2.240215e-01,  8.908116e+00
   3.050000e+09,  -2.182996e-01,  8.713340e+00,  -1.309601e+01,  -8.130859e+01,  -1.309601e+01,  -8.130859e+01,  -2.182996e-01,  8.669488e+00
   3.100000e+09,  -2.128563e-01,  8.481051e+00,  -1.320297e+01,  -8.154122e+01,  -1.320297e+01,  -8.154122e+01,  -2.128563e-01,  8.436503e+00
   3.150000e+09,  -2.076749e-01,  8.254138e+00,  -1.330743e+01,  -8.176848e+01,  -1.330743e+01,  -8.176848e+01,  -2.076749e-01,  8.208895e+00
   3.200000e+09,  -2.027399e-01,  8.032349e+00,  -1.340943e+01,  -8.199062e+01,  -1.340943e+01,  -8.199062e+01,  -2.027399e-01,  7.986414e+00
   3.250000e+09,  -1.980371e-01,  7.815449e+00,  -1.350902e+01,  -8.220786e+01,  -1.350902e+01,  -8.220786e+01,  -1.980371e-01,  7.768822e+00
   3.300000e+09,  -1.935531e-01,  7.603213e+00,  -1.360626e+01,  -8.242045e+01,  -1.360626e+01,  -8.242045e+01,  -1.935531e-01,  7.555895e+00
   3.350000e+09,  -1.892756e-01,  7.395429e+00,  -1.370119e+01,  -8.262857e+01,  -1.370119e+01,  -8.262857e+01,  -1.892756e-01,  7.347422e+00
   3.400000e+09,  -1.851933e-01,  7.191898e+00,  -1.379386e+01,  -8.283245e+01,  -1.379386e+01,  -8.283245e+01,  -1.851933e-01,  7.143203e+00
   3.450000e+09,  -1.812955e-01,  6.992430e+00,  -1.388431e+01,  -8.303226e+01,  -1.388431e+01,  -8.303226e+01,  -1.812955e-01,  6.943048e+00
   3.500000e+09,  -1.775722e-01,  6.796845e+00,  -1.397258e+01,  -8.322819e+01,  -1.397258e+01,  -8.322819e+01,  -1.775722e-01,  6.746778e+00
   3.550000e+09,  -1.740144e-01,  6.604973e+00,  -1.405871e+01,  -8.342040e+01,  -1.405871e+01,  -8.342040e+01,  -1.740144e-01,  6.554223e+00
   3.600000e+09,  -1.706134e-01,  6.416653e+00,  -1.414274e+01,  -8.360906e+01,  -1.414274e+01,  -8.360906e+01,  -1.706134e-01,  6.365220e+00
   3.650000e+09,  -1.673612e-01,  6.231731e+00,  -1.422471e+01,  -8.379433e+01,  -1.422471e+01,  -8.379433e+01,  -1.673612e-01,  6.179617e+00
   3.700000e+09,  -1.642503e-01,  6.050061e+00,  -1.430465e+01,  -8.397634e+01,  -1.430465e+01,  -8.397634e+01,  -1.642503e-01,  5.997268e+00
   3.750000e+09,  -1.612737e-01,  5.871505e+00,  -1.438259e+01,  -8.415523e+01,  -1.438259e+01,  -8.415523e+01,  -1.612737e-01,  5.818034e+00
   3.800000e+09,  -1.584249e-01,  5.695929e+00,  -1.445858e+01,  -8.433114e+01,  -1.445858e+01,  -8.433114e+01,  -1.584249e-01,  5.641782e+00
   3.850000e+09,  -1.556978e-01,  5.523209e+00,  -1.453264e+01,  -8.450420e+01,  -1.453264e+01,  -8.450420e+01,  -1.556978e-01,  5.468387e+00
   3.900000e+09,  -1.530866e-01,  5.353223e+00,  -1.460479e+01,  -8.467452e+01,  -1.460479e+01,  -8.467452e+01,  -1.530866e-01,  5.297728e+00
   3.950000e+09,  -1.505859e-01,  5.185858e+00,  -1.467507e+01,  -8.484223e+01,  -1.467507e+01,  -8.484223e+01,  -1.505859e-01,  5.129691e+00
   4.000000e+09,  -1.481908e-01,  5.021003e+00,  -1.474352e+01,  -8.500742e+01,  -1.474352e+01,  -8.500742e+01,  -1.481908e-01,  4.964166e+00
   4.050000e+09,  -1.458965e-01,  4.858554e+00,  -1.481014e+01,  -8.517020e+01,  -1.481014e+01,  -8.517020e+01,  -1.458965e-01,  4.801049e+00
   4.100000e+09,  -1.436985e-01,  4.698411e+00,  -1.487497e+01,  -8.533067e+01,  -1.487497e+01,  -8.533067e+01,  -1.436985e-01,  4.640240e+00
   4.150000e+09,  -1.415928e-01,  4.540477e+00,  -1.493804e+01,  -8.548894e+01,  -1.493804e+01,  -8.548894e+01,  -1.415928e-01,  4.481642e+00
   4.200000e+09,  -1.395753e-01,  4.384662e+00,  -1.499936e+01,  -8.564509e+01,  -1.499936e+01,  -8.564509e+01,  -1.395753e-01,  4.325164e+00
   4.250000e+09,  -1.376424e-01,  4.230876e+00,  -1.505896e+01,  -8.579920e+01,  -1.505896e+01,  -8.579920e+01,  -1.376424e-01,  4.170717e+00
   4.300000e+09,  -1.357906e-01,  4.079036e+00,  -1.511686e+01,  -8.595137e+01,  -1.511686e+01,  -8.595137e+01,  -1.357906e-01,  4.018218e+00
   4.350000e+09,  -1.340167e-01,  3.929059e+00,  -1.517309e+01,  -8.610168e+01,  -1.517309e+01,  -8.610168e+01,  -1.340167e-01,  3.867584e+00
   4.400000e+09,  -1.323177e-01,  3.780868e+00,  -1.522766e+01,  -8.625020e+01,  -1.522766e+01,  -8.625020e+01,  -1.323177e-01,  3.718738e+00
   4.450000e+09,  -1.306905e-01,  3.634389e+00,  -1.528058e+01,  -8.639700e+01,  -1.528058e+01,  -8.639700e+01,  -1.306905e-01,  3.571605e+00
   4.500000e+09,  -1.291326e-01,  3.489547e+00,  -1.533189e+01,  -8.654217e+01,  -1.533189e+01,  -8.654217e+01,  -1.291326e-01,  3.426113e+00
   4.550000e+09,  -1.276413e-01,  3.346275e+00,  -1.538159e+01,  -8.668577e+01,  -1.538159e+01,  -8.668577e+01,  -1.276413e-01,  3.282192e+00
   4.600000e+09,  -1.262142e-01,  3.204504e+00,  -1.542971e+01,  -8.682786e+01,  -1.542971e+01,  -8.682786e+01,  -1.262142e-01,  3.139774e+00
   4.650000e+09,  -1.248491e-01,  3.064171e+00,  -1.547626e+01,  -8.696852e+01,  -1.547626e+01,  -8.696852e+01,  -1.248491e-01,  2.998795e+00
   4.700000e+09,  -1.235438e-01,  2.925212e+00,  -1.552126e+01,  -8.710780e+01,  -1.552126e+01,  -8.710780e+01,  -1.235438e-01,  2.859194e+00
   4.750000e+09,  -1.222963e-01,  2.787566e+00,  -1.556471e+01,  -8.724576e+01,  -1.556471e+01,  -8.724576e+01,  -1.222963e-01,  2.720908e+00
   4.800000e+09,  -1.211047e-01,  2.651176e+00,  -1.560664e+01,  -8.738247e+01,  -1.560664e+01,  -8.738247e+01,  -1.211047e-01,  2.583879e+00
   4.850000e+09,  -1.199672e-01,  2.515984e+00,  -1.564706e+01,  -8.751798e+01,  -1.564706e+01,  -8.751798e+01,  -1.199672e-01,  2.448052e+00
   4.900000e+09,  -1.188821e-01,  2.381937e+00,  -1.568598e+01,  -8.765235e+01,  -1.568598e+01,  -8.765235e+01,  -1.188821e-01,  2.313371e+00
   4.950000e+09,  -1.178479e-01,  2.248979e+00,  -1.572342e+01,  -8.778562e+01,  -1.572342e+01,  -8.778562e+01,  -1.178479e-01,  2.179782e+00
   5.000000e+09,  -1.168629e-01,  2.117061e+00,  -1.575938e+01,  -8.791785e+01,  -1.575938e+01,  -8.791785e+01,  -1.168629e-01,  2.047235e+00
   5.050000e+09,  -1.159259e-01,  1.986131e+00,  -1.579387e+01,  -8.804910e+01,  -1.579387e+01,  -8.804910e+01,  -1.159259e-01,  1.915679e+00
   5.100000e+09,  -1.150354e-01,  1.856140e+00,  -1.582692e+01,  -8.817940e+01,  -1.582692e+01,  -8.817940e+01,  -1.150354e-01,  1.785065e+00
   5.150000e+09,  -1.141903e-01,  1.727042e+00,  -1.585852e+01,  -8.830881e+01,  -1.585852e+01,  -8.830881e+01,  -1.141903e-01,  1.655345e+00
   5.200000e+09,  -1.133894e-01,  1.598789e+00,  -1.588869e+01,  -8.843737e+01,  -1.588869e+01,  -8.843737e+01,  -1.133894e-01,  1.526474e+00
   5.250000e+09,  -1.126316e-01,  1.471337e+00,  -1.591743e+01,  -8.856513e+01,  -1.591743e+01,  -8.856513e+01,  -1.126316e-01,  1.398406e+00
   5.300000e+09,  -1.119159e-01,  1.344641e+00,  -1.594476e+01,  -8.869213e+01,  -1.594476e+01,  -8.869213e+01,  -1.119159e-01,  1.271097e+00
   5.350000e+09,  -1.112412e-01,  1.218659e+00,  -1.597069e+01,  -8.881842e+01,  -1.597069e+01,  -8.881842e+01,  -1.112412e-01,  1.144504e+00
   5.400000e+09,  -1.106068e-01,  1.093347e+00,  -1.599521e+01,  -8.894403e+01,  -1.599521e+01,  -8.894403e+01,  -1.106068e-01,  1.018585e+00
   5.450000e+09,  -1.100117e-01,  9.686644e-01,  -1.601834e+01,  -8.906902e+01,  -1.601834e+01,  -8.906902e+01,  -1.100117e-01,  8.932978e-01
   5.500000e+09,  -1.094552e-01,  8.445712e-01,  -1.604009e+01,  -8.919341e+01,  -1.604009e+01,  -8.919341e+01,  -1.094552e-01,  7.686029e-01
   5.550000e+09,  -1.089366e-01,  7.210273e-01,  -1.606046e+01,  -8.931726e+01,  -1.606046e+01,  -8.931726e+01,  -1.089366e-01,  6.444604e-01
   5.600000e+09,  -1.084552e-01,  5.979936e-01,  -1.607945e+01,  -8.944059e+01,  -1.607945e+01,  -8.944059e+01,  -1.084552e-01,  5.208310e-01
   5.650000e+09,  -1.080104e-01,  4.754316e-01,  -1.609708e+01,  -8.956345e+01,  -1.609708e+01,  -8.956345e+01,  -1.080104e-01,  3.976766e-01
   5.700000e+09,  -1.076016e-01,  3.533035e-01,  -1.611334e+01,  -8.968587e+01,  -1.611334e+01,  -8.968587e+01,  -1.076016e-01,  2.749592e-01
   5.750000e+09,  -1.072284e-01,  2.315720e-01,  -1.612825e+01,  -8.980789e+01,  -1.612825e+01,  -8.980789e+01,  -1.072284e-01,  1.526417e-01
   5.800000e+09,  -1.068901e-01,  1.102004e-01,  -1.614180e+01,  -8.992956e+01,  -1.614180e+01,  -8.992956e+01,  -1.068901e-01,  3.068723e-02
   5.850000e+09,  -1.065866e-01,  -1.084788e-02,  -1.615400e+01,  -9.005089e+01,  -1.615400e+01,  -9.005089e+01,  -1.065866e-01,  -9.094042e-02
   5.900000e+09,  -1.063172e-01,  -1.316087e-01,  -1.616486e+01,  -9.017194e+01,  -1.616486e+01,  -9.017194e+01,  -1.063172e-01,  -2.122772e-01
   5.950000e+09,  -1.060819e-01,  -2.521177e-01,  -1.617437e+01,  -9.029274e+01,  -1.617437e+01,  -9.029274e+01,  -1.060819e-01,  -3.333586e-01
   6.000000e+09,  -1.058801e-01,  -3.724102e-01,  -1.618253e+01,  -9.041332e+01,  -1.618253e+01,  -9.041332e+01,  -1.058801e-01,  -4.542200e-01
   6.050000e+09,  -1.057117e-01,  -4.925213e-01,  -1.618936e+01,  -9.053371e+01,  -1.618936e+01,  -9.053371e+01,  -1.057117e-01,  -5.748963e-01
   6.100000e+09,  -1.055766e-01,  -6.124858e-01,  -1.619485e+01,  -9.065395e+01,  -1.619485e+01,  -9.065395e+01,  -1.055766e-01,  -6.954223e-01
   6.150000e+09,  -1.054745e-01,  -7.323384e-01,  -1.619900e+01,  -9.077409e+01,  -1.619900e+01,  -9.077409e+01,  -1.054745e-01,  -8.158327e-01
   6.200000e+09,  -1.054053e-01,  -8.521136e-01,  -1.620182e+01,  -9.089414e+01,  -1.620182e+01,  -9.089414e+01,  -1.054053e-01,  -9.361617e-01
   6.250000e+09,  -1.053689e-01,  -9.718459e-01,  -1.620329e+01,  -9.101414e+01,  -1.620329e+01,  -9.101414e+01,  -1.053689e-01,  -1.056444e+00
   6.300000e+09,  -1.053654e-01,  -1.091570e+00,  -1.620344e+01,  -9.113414e+01,  -1.620344e+01,  -9.113414e+01,  -1.053654e-01,  -1.176714e+00
   6.350000e+09,  -1.053947e-01,  -1.211320e+00,  -1.620225e+01,  -9.125416e+01,  -1.620225e+01,  -9.125416e+01,  -1.053947e-01,  -1.297005e+00
   6.400000e+09,  -1.054568e-01,  -1.331130e+00,  -1.619972e+01,  -9.137424e+01,  -1.619972e+01,  -9.137424e+01,  -1.054568e-01,  -1.417353e+00
   6.450000e+09,  -1.055519e-01,  -1.451035e+00,  -1.619585e+01,  -9.149441e+01,  -1.619585e+01,  -9.149441e+01,  -1.055519e-01,  -1.537791e+00
   6.500000e+09,  -1.056801e-01,  -1.571069e+00,  -1.619065e+01,  -9.161471e+01,  -1.619065e+01,  -9.161471e+01,  -1.056801e-01,  -1.658355e+00
   6.550000e+09,  -1.058415e-01,  -1.691268e+00,  -1.618410e+01,  -9.173517e+01,  -1.618410e+01,  -9.173517e+01,  -1.058415e-01,  -1.779078e+00
   6.600000e+09,  -1.060363e-01,  -1.811667e+00,  -1.617621e+01,  -9.185583e+01,  -1.617621e+01,  -9.185583e+01,  -1.060363e-01,  -1.899996e+00
   6.650000e+09,  -1.062649e-01,  -1.932300e+00,  -1.616697e+01,  -9.197672e+01,  -1.616697e+01,  -9.197672e+01,  -1.062649e-01,  -2.021145e+00
   6.700000e+09,  -1.065275e-01,  -2.053203e+00,  -1.615638e+01,  -9.209788e+01,  -1.615638e+01,  -9.209788e+01,  -1.065275e-01,  -2.142559e+00
   6.750000e+09,  -1.068244e-01,  -2.174413e+00,  -1.614444e+01,  -9.221934e+01,  -1.614444e+01,  -9.221934e+01,  -1.068244e-01,  -2.264274e+00
   6.800000e+09,  -1.071561e-01,  -2.295965e+00,  -1.613114e+01,  -9.234115e+01,  -1.613114e+01,  -9.234115e+01,  -1.071561e-01,  -2.386327e+00
   6.850000e+09,  -1.075229e-01,  -2.417897e+00,  -1.611648e+01,  -9.246333e+01,  -1.611648e+01,  -9.246333e+01,  -1.075229e-01,  -2.508754e+00
   6.900000e+09,  -1.079254e-01,  -2.540245e+00,  -1.610046e+01,  -9.258592e+01,  -1.610046e+01,  -9.258592e+01,  -1.079254e-01,  -2.631593e+00
   6.950000e+09,  -1.083641e-01,  -2.663047e+00,  -1.608306e+01,  -9.270896e+01,  -1.608306e+01,  -9.270896e+01,  -1.083641e-01,  -2.754880e+00
   7.000000e+09,  -1.088395e-01,  -2.786343e+00,  -1.606428e+01,  -9.283250e+01,  -1.606428e+01,  -9.283250e+01,  -1.088395e-01,  -2.878656e+00
   7.050000e+09,  -1.093523e-01,  -2.910170e+00,  -1.604412e+01,  -9.295656e+01,  -1.604412e+01,  -9.295656e+01,  -1.093523e-01,  -3.002957e+00
   7.100000e+09,  -1.099032e-01,  -3.034569e+00,  -1.602258e+01,  -9.308120e+01,  -1.602258e+01,  -9.308120e+01,  -1.099032e-01,  -3.127825e+00
   7.150000e+09,  -1.104929e-01,  -3.159580e+00,  -1.599963e+01,  -9.320644e+01,  -1.599963e+01,  -9.320644e+01,  -1.104929e-01,  -3.253299e+00
   7.200000e+09,  -1.111223e-01,  -3.285244e+00,  -1.597527e+01,  -9.333233e+01,  -1.597527e+01,  -9.333233e+01,  -1.111223e-01,  -3.379421e+00
   7.250000e+09,  -1.117921e-01,  -3.411605e+00,  -1.594951e+01,  -9.345892e+01,  -1.594951e+01,  -9.345892e+01,  -1.117921e-01,  -3.506233e+00
   7.300000e+09,  -1.125033e-01,  -3.538704e+00,  -1.592232e+01,  -9.358624e+01,  -1.592232e+01,  -9.358624e+01,  -1.125033e-01,  -3.633777e+00
   7.350000e+09,  -1.132569e-01,  -3.666586e+00,  -1.589370e+01,  -9.371434e+01,  -1.589370e+01,  -9.371434e+01,  -1.132569e-01,  -3.762099e+00
   7.400000e+09,  -1.140540e-01,  -3.795297e+00,  -1.586364e+01,  -9.384327e+01,  -1.586364e+01,  -9.384327e+01,  -1.140540e-01,  -3.891244e+00
   7.450000e+09,  -1.148957e-01,  -3.924884e+00,  -1.583213e+01,  -9.397307e+01,  -1.583213e+01,  -9.397307e+01,  -1.148957e-01,  -4.021257e+00
   7.500000e+09,  -1.157831e-01,  -4.055393e+00,  -1.579915e+01,  -9.410379e+01,  -1.579915e+01,  -9.410379e+01,  -1.157831e-01,  -4.152187e+00
   7.550000e+09,  -1.167177e-01,  -4.186875e+00,  -1.576470e+01,  -9.423548e+01,  -1.576470e+01,  -9.423548e+01,  -1.167177e-01,  -4.284083e+00
   7.600000e+09,  -1.177007e-01,  -4.319380e+00,  -1.572877e+01,  -9.436819e+01,  -1.572877e+01,  -9.436819e+01,  -1.177007e-01,  -4.416995e+00
   7.650000e+09,  -1.187337e-01,  -4.452960e+00,  -1.569133e+01,  -9.450197e+01,  -1.569133e+01,  -9.450197e+01,  -1.187337e-01,  -4.550977e+00
   7.700000e+09,  -1.198182e-01,  -4.587670e+00,  -1.565239e+01,  -9.463688e+01,  -1.565239e+01,  -9.463688e+01,  -1.198182e-01,  -4.686083e+00
   7.750000e+09,  -1.209559e-01,  -4.723566e+00,  -1.561191e+01,  -9.477297e+01,  -1.561191e+01,  -9.477297e+01,  -1.209559e-01,  -4.822368e+00
   7.800000e+09,  -1.221486e-01,  -4.860707e+00,  -1.556989e+01,  -9.491030e+01,  -1.556989e+01,  -9.491030e+01,  -1.221486e-01,  -4.959891e+00
   7.850000e+09,  -1.233982e-01,  -4.999152e+00,  -1.552631e+01,  -9.504893e+01,  -1.552631e+01,  -9.504893e+01,  -1.233982e-01,  -5.098714e+00
   7.900000e+09,  -1.247067e-01,  -5.138966e+00,  -1.548115e+01,  -9.518893e+01,  -1.548115e+01,  -9.518893e+01,  -1.247067e-01,  -5.238900e+00
   7.950000e+09,  -1.260764e-01,  -5.280216e+00,  -1.543439e+01,  -9.533037e+01,  -1.543439e+01,  -9.533037e+01,  -1.260764e-01,  -5.380516e+00
   8.000000e+09,  -1.275096e-01,  -5.422971e+00,  -1.538601e+01,  -9.547330e+01,  -1.538601e+01,  -9.547330e+01,  -1.275096e-01,  -5.523635e+00
   8.050000e+09,  -1.290090e-01,  -5.567308e+00,  -1.533599e+01,  -9.561782e+01,  -1.533599e+01,  -9.561782e+01,  -1.290090e-01,  -5.668333e+00
   8.100000e+09,  -1.305775e-01,  -5.713307e+00,  -1.528429e+01,  -9.576400e+01,  -1.528429e+01,  -9.576400e+01,  -1.305775e-01,  -5.814694e+00
   8.150000e+09,  -1.322181e-01,  -5.861058e+00,  -1.523088e+01,  -9.591193e+01,  -1.523088e+01,  -9.591193e+01,  -1.322181e-01,  -5.962810e+00
   8.200000e+09,  -1.339346e-01,  -6.010665e+00,  -1.517571e+01,  -9.606173e+01,  -1.517571e+01,  -9.606173e+01,  -1.339346e-01,  -6.112791e+00
   8.250000e+09,  -1.357314e-01,  -6.162251e+00,  -1.511873e+01,  -9.621351e+01,  -1.511873e+01,  -9.621351e+01,  -1.357314e-01,  -6.264769e+00
   8.300000e+09,  -1.376142e-01,  -6.315977e+00,  -1.505984e+01,  -9.636745e+01,  -1.505984e+01,  -9.636745e+01,  -1.376142e-01,  -6.418922e+00
   8.350000e+09,  -1.395911e-01,  -6.472082e+00,  -1.499888e+01,  -9.652380e+01,  -1.499888e+01,  -9.652380e+01,  -1.395911e-01,  -6.575519e+00
   8.400000e+09,  -1.416763e-01,  -6.630995e+00,  -1.493552e+01,  -9.668303e+01,  -1.493552e+01,  -9.668303e+01,  -1.416763e-01,  -6.735060e+00
   8.450000e+09,  -1.439024e-01,  -6.793733e+00,  -1.486892e+01,  -9.684624e+01,  -1.486892e+01,  -9.684624e+01,  -1.439024e-01,  -6.898753e+00
   8.500000e+09,  -1.463889e-01,  -6.964094e+00,  -1.479575e+01,  -9.701763e+01,  -1.479575e+01,  -9.701763e+01,  -1.463889e-01,  -7.071156e+00
   8.550000e+09,  -1.506450e-01,  -7.190260e+00,  -1.467340e+01,  -9.725031e+01,  -1.467340e+01,  -9.725031e+01,  -1.506450e-01,  -7.310355e+00
   8.600000e+09,  -1.491652e-01,  -7.231736e+00,  -1.471554e+01,  -9.727902e+01,  -1.471554e+01,  -9.727902e+01,  -1.491652e-01,  -7.326308e+00
   8.650000e+09,  -1.524571e-01,  -7.425620e+00,  -1.462237e+01,  -9.747556e+01,  -1.462237e+01,  -9.747556e+01,  -1.524571e-01,  -7.525501e+00
   8.700000e+09,  -1.552807e-01,  -7.603449e+00,  -1.454408e+01,  -9.765411e+01,  -1.454408e+01,  -9.765411e+01,  -1.552807e-01,  -7.704763e+00
   8.750000e+09,  -1.581168e-01,  -7.780688e+00,  -1.446688e+01,  -9.783170e+01,  -1.446688e+01,  -9.783170e+01,  -1.581168e-01,  -7.882719e+00
   8.800000e+09,  -1.610393e-01,  -7.959655e+00,  -1.438879e+01,  -9.801089e+01,  -1.438879e+01,  -9.801089e+01,  -1.610393e-01,  -8.062134e+00
   8.850000e+09,  -1.640746e-01,  -8.141124e+00,  -1.430921e+01,  -9.819252e+01,  -1.430921e+01,  -9.819252e+01,  -1.640746e-01,  -8.243917e+00
   8.900000e+09,  -1.672374e-01,  -8.325492e+00,  -1.422786e+01,  -9.837700e+01,  -1.422786e+01,  -9.837700e+01,  -1.672374e-01,  -8.428516e+00
   8.950000e+09,  -1.705389e-01,  -8.513027e+00,  -1.414460e+01,  -9.856463e+01,  -1.414460e+01,  -9.856463e+01,  -1.705389e-01,  -8.616223e+00
   9.000000e+09,  -1.739889e-01,  -8.703948e+00,  -1.405933e+01,  -9.875561e+01,  -1.405933e+01,  -9.875561e+01,  -1.739889e-01,  -8.807271e+00
   9.050000e+09,  -1.775969e-01,  -8.898453e+00,  -1.397198e+01,  -9.895016e+01,  -1.397198e+01,  -9.895016e+01,  -1.775969e-01,  -9.001865e+00
   9.100000e+09,  -1.813727e-01,  -9.096737e+00,  -1.388249e+01,  -9.914847e+01,  -1.388249e+01,  -9.914847e+01,  -1.813727e-01,  -9.200205e+00
   9.150000e+09,  -1.853264e-01,  -9.298994e+00,  -1.379080e+01,  -9.935074e+01,  -1.379080e+01,  -9.935074e+01,  -1.853264e-01,  -9.402486e+00
   9.200000e+09,  -1.894685e-01,  -9.505424e+00,  -1.369686e+01,  -9.955717e+01,  -1.369686e+01,  -9.955717e+01,  -1.894685e-01,  -9.608909e+00
   9.250000e+09,  -1.938106e-01,  -9.716233e+00,  -1.360061e+01,  -9.976796e+01,  -1.360061e+01,  -9.976796e+01,  -1.938106e-01,  -9.819682e+00
   9.300000e+09,  -1.983648e-01,  -9.931637e+00,  -1.350200e+01,  -9.998333e+01,  -1.350200e+01,  -9.998333e+01,  -1.983648e-01,  -1.003502e+01
   9.350000e+09,  -2.031440e-01,  -1.015186e+01,  -1.340098e+01,  -1.002035e+02,  -1.340098e+01,  -1.002035e+02,  -2.031440e-01,  -1.025515e+01
   9.400000e+09,  -2.081623e-01,  -1.037715e+01,  -1.329749e+01,  -1.004287e+02,  -1.329749e+01,  -1.004287e+02,  -2.081623e-01,  -1.048031e+01
   9.450000e+09,  -2.134348e-01,  -1.060775e+01,  -1.319147e+01,  -1.006593e+02,  -1.319147e+01,  -1.006593e+02,  -2.134348e-01,  -1.071076e+01
   9.500000e+09,  -2.189779e-01,  -1.084393e+01,  -1.308287e+01,  -1.008953e+02,  -1.308287e+01,  -1.008953e+02,  -2.189779e-01,  -1.094675e+01
   9.550000e+09,  -2.248092e-01,  -1.108598e+01,  -1.297162e+01,  -1.011373e+02,  -1.297162e+01,  -1.011373e+02,  -2.248092e-01,  -1.118857e+01
   9.600000e+09,  -2.309479e-01,  -1.133419e+01,  -1.285767e+01,  -1.013854e+02,  -1.285767e+01,  -1.013854e+02,  -2.309479e-01,  -1.143653e+01
   9.650000e+09,  -2.374146e-01,  -1.158889e+01,  -1.274094e+01,  -1.016399e+02,  -1.274094e+01,  -1.016399e+02,  -2.374146e-01,  -1.169093e+01
   9.700000e+09,  -2.442319e-01,  -1.185041e+01,  -1.262136e+01,  -1.019013e+02,  -1.262136e+01,  -1.019013e+02,  -2.442319e-01,  -1.195213e+01
   9.750000e+09,  -2.514244e-01,  -1.211913e+01,  -1.249888e+01,  -1.021698e+02,  -1.249888e+01,  -1.021698e+02,  -2.514244e-01,  -1.222047e+01
   9.800000e+09,  -2.590187e-01,  -1.239542e+01,  -1.237340e+01,  -1.024459e+02,  -1.237340e+01,  -1.024459e+02,  -2.590187e-01,  -1.249635e+01
   9.850000e+09,  -2.670439e-01,  -1.267970e+01,  -1.224485e+01,  -1.027299e+02,  -1.224485e+01,  -1.027299e+02,  -2.670439e-01,  -1.278018e+01
   9.900000e+09,  -2.755320e-01,  -1.297241e+01,  -1.211316e+01,  -1.030224e+02,  -1.211316e+01,  -1.030224e+02,  -2.755320e-01,  -1.307239e+01
   9.950000e+09,  -2.845176e-01,  -1.327403e+01,  -1.197823e+01,  -1.033237e+02,  -1.197823e+01,  -1.033237e+02,  -2.845176e-01,  -1.337346e+01
   1.000000e+10,  -2.940390e-01,  -1.358507e+01,  -1.183998e+01,  -1.036345e+02,  -1.183998e+01,  -1.036345e+02,  -2.940390e-01,  -1.368390e+01
