   5.000000e+07,  0.000000e+00,  -1.246532e-01,  -0.000000e+00,  1.246644e-01,  0.000000e+00,  1.246644e-01,  0.000000e+00,  -1.246531e-01
   1.000000e+08,  0.000000e+00,  -6.231470e-02,  -0.000000e+00,  6.233704e-02,  0.000000e+00,  6.233704e-02,  0.000000e+00,  -6.231445e-02
   1.500000e+08,  0.000000e+00,  -4.152990e-02,  -0.000000e+00,  4.156341e-02,  0.000000e+00,  4.156341e-02,  0.000000e+00,  -4.152952e-02
   2.000000e+08,  0.000000e+00,  -3.113353e-02,  -0.000000e+00,  3.117821e-02,  0.000000e+00,  3.117821e-02,  0.000000e+00,  -3.113302e-02
   2.500000e+08,  0.000000e+00,  -2.489253e-02,  -0.000000e+00,  2.494839e-02,  0.000000e+00,  2.494839e-02,  0.000000e+00,  -2.489190e-02
   3.000000e+08,  0.000000e+00,  -2.072921e-02,  -0.000000e+00,  2.079625e-02,  0.000000e+00,  2.079625e-02,  0.000000e+00,  -2.072845e-02
   3.500000e+08,  0.000000e+00,  -1.775314e-02,  -0.000000e+00,  1.783137e-02,  0.000000e+00,  1.783137e-02,  0.000000e+00,  -1.775225e-02
   4.000000e+08,  0.000000e+00,  -1.551910e-02,  -0.000000e+00,  1.560852e-02,  0.000000e+00,  1.560852e-02,  0.000000e+00,  -1.551808e-02
   4.500000e+08,  0.000000e+00,  -1.377974e-02,  -0.000000e+00,  1.388035e-02,  0.000000e+00,  1.388035e-02,  0.000000e+00,  -1.377860e-02
   5.000000e+08,  0.000000e+00,  -1.238666e-02,  -0.000000e+00,  1.249848e-02,  0.000000e+00,  1.249848e-02,  0.000000e+00,  -1.238539e-02
   5.500000e+08,  0.000000e+00,  -1.124541e-02,  -0.000000e+00,  1.136844e-02,  0.000000e+00,  1.136844e-02,  0.000000e+00,  -1.124402e-02
   6.000000e+08,  0.000000e+00,  -1.029304e-02,  -0.000000e+00,  1.042729e-02,  0.000000e+00,  1.042729e-02,  0.000000e+00,  -1.029152e-02
   6.500000e+08,  0.000000e+00,  -9.485960e-03,  -0.000000e+00,  9.631442e-03,  0.000000e+00,  9.631442e-03,  0.000000e+00,  -9.484317e-03
   7.000000e+08,  0.000000e+00,  -8.793032e-03,  -0.000000e+00,  8.949753e-03,  0.000000e+00,  8.949753e-03,  0.000000e+00,  -8.791262e-03
   7.500000e+08,  0.000000e+00,  -8.191425e-03,  -0.000000e+00,  8.359396e-03,  0.000000e+00,  8.359396e-03,  0.000000e+00,  -8.189529e-03
   8.000000e+08,  0.000000e+00,  -7.664014e-03,  -0.000000e+00,  7.843248e-03,  0.000000e+00,  7.843248e-03,  0.000000e+00,  -7.661992e-03
   8.500000e+08,  0.000000e+00,  -7.197706e-03,  -0.000000e+00,  7.388214e-03,  0.000000e+00,  7.388214e-03,  0.000000e+00,  -7.195558e-03
   9.000000e+08,  0.000000e+00,  -6.782314e-03,  -0.000000e+00,  6.984109e-03,  0.000000e+00,  6.984109e-03,  0.000000e+00,  -6.780040e-03
   9.500000e+08,  0.000000e+00,  -6.409797e-03,  -0.000000e+00,  6.622895e-03,  0.000000e+00,  6.622895e-03,  0.000000e+00,  -6.407397e-03
   1.000000e+09,  0.000000e+00,  -6.073723e-03,  -0.000000e+00,  6.298138e-03,  0.000000e+00,  6.298138e-03,  0.000000e+00,  -6.071198e-03
   1.050000e+09,  0.000000e+00,  -5.768885e-03,  -0.000000e+00,  6.004631e-03,  0.000000e+00,  6.004631e-03,  0.000000e+00,  -5.766233e-03
   1.100000e+09,  0.000000e+00,  -5.491020e-03,  -0.000000e+00,  5.738116e-03,  0.000000e+00,  5.738116e-03,  0.000000e+00,  -5.488242e-03
   1.150000e+09,  0.000000e+00,  -5.236610e-03,  -0.000000e+00,  5.495071e-03,  0.000000e+00,  5.495071e-03,  0.000000e+00,  -5.233706e-03
   1.200000e+09,  0.000000e+00,  -5.002720e-03,  -0.000000e+00,  5.272566e-03,  0.000000e+00,  5.272566e-03,  0.000000e+00,  -4.999691e-03
   1.250000e+09,  0.000000e+00,  -4.786887e-03,  -0.000000e+00,  5.068136e-03,  0.000000e+00,  5.068136e-03,  0.000000e+00,  -4.783732e-03
   1.300000e+09,  0.000000e+00,  -4.587026e-03,  -0.000000e+00,  4.879698e-03,  0.000000e+00,  4.879698e-03,  0.000000e+00,  -4.583745e-03
   1.350000e+09,  0.000000e+00,  -4.401359e-03,  -0.000000e+00,  4.705476e-03,  0.000000e+00,  4.705476e-03,  0.000000e+00,  -4.397954e-03
   1.400000e+09,  0.000000e+00,  -4.228366e-03,  -0.000000e+00,  4.543948e-03,  0.000000e+00,  4.543948e-03,  0.000000e+00,  -4.224835e-03
   1.450000e+09,  0.000000e+00,  -4.066733e-03,  -0.000000e+00,  4.393803e-03,  0.000000e+00,  4.393803e-03,  0.000000e+00,  -4.063077e-03
   1.500000e+09,  0.000000e+00,  -3.915322e-03,  -0.000000e+00,  4.253903e-03,  0.000000e+00,  4.253903e-03,  0.000000e+00,  -3.911541e-03
   1.550000e+09,  0.000000e+00,  -3.773143e-03,  -0.000000e+00,  4.123259e-03,  0.000000e+00,  4.123259e-03,  0.000000e+00,  -3.769237e-03
   1.600000e+09,  0.000000e+00,  -3.639328e-03,  -0.000000e+00,  4.001005e-03,  0.000000e+00,  4.001005e-03,  0.000000e+00,  -3.635297e-03
   1.650000e+09,  0.000000e+00,  -3.513116e-03,  -0.000000e+00,  3.886378e-03,  0.000000e+00,  3.886378e-03,  0.000000e+00,  -3.508959e-03
   1.700000e+09,  0.000000e+00,  -3.393833e-03,  -0.000000e+00,  3.778709e-03,  0.000000e+00,  3.778709e-03,  0.000000e+00,  -3.389552e-03
   1.750000e+09,  0.000000e+00,  -3.280885e-03,  -0.000000e+00,  3.677401e-03,  0.000000e+00,  3.677401e-03,  0.000000e+00,  -3.276479e-03
   1.800000e+09,  0.000000e+00,  -3.173741e-03,  -0.000000e+00,  3.581927e-03,  0.000000e+00,  3.581927e-03,  0.000000e+00,  -3.169210e-03
   1.850000e+09,  0.000000e+00,  -3.071929e-03,  -0.000000e+00,  3.491814e-03,  0.000000e+00,  3.491814e-03,  0.000000e+00,  -3.067274e-03
   1.900000e+09,  0.000000e+00,  -2.975027e-03,  -0.000000e+00,  3.406641e-03,  0.000000e+00,  3.406641e-03,  0.000000e+00,  -2.970247e-03
   1.950000e+09,  0.000000e+00,  -2.882654e-03,  -0.000000e+00,  3.326030e-03,  0.000000e+00,  3.326030e-03,  0.000000e+00,  -2.877750e-03
   2.000000e+09,  0.000000e+00,  -2.794470e-03,  -0.000000e+00,  3.249640e-03,  0.000000e+00,  3.249640e-03,  0.000000e+00,  -2.789442e-03
   2.050000e+09,  0.000000e+00,  -2.710167e-03,  -0.000000e+00,  3.177164e-03,  0.000000e+00,  3.177164e-03,  0.000000e+00,  -2.705015e-03
   2.100000e+09,  0.000000e+00,  -2.629465e-03,  -0.000000e+00,  3.108323e-03,  0.000000e+00,  3.108323e-03,  0.000000e+00,  -2.624189e-03
   2.150000e+09,  0.000000e+00,  -2.552111e-03,  -0.000000e+00,  3.042866e-03,  0.000000e+00,  3.042866e-03,  0.000000e+00,  -2.546711e-03
   2.200000e+09,  0.000000e+00,  -2.477875e-03,  -0.000000e+00,  2.980564e-03,  0.000000e+00,  2.980564e-03,  0.000000e+00,  -2.472351e-03
   2.250000e+09,  0.000000e+00,  -2.406547e-03,  -0.000000e+00,  2.921207e-03,  0.000000e+00,  2.921207e-03,  0.000000e+00,  -2.400900e-03
   2.300000e+09,  0.000000e+00,  -2.337937e-03,  -0.000000e+00,  2.864606e-03,  0.000000e+00,  2.864606e-03,  0.000000e+00,  -2.332167e-03
   2.350000e+09,  0.000000e+00,  -2.271868e-03,  -0.000000e+00,  2.810586e-03,  0.000000e+00,  2.810586e-03,  0.000000e+00,  -2.265974e-03
   2.400000e+09,  0.000000e+00,  -2.208180e-03,  -0.000000e+00,  2.758987e-03,  0.000000e+00,  2.758987e-03,  0.000000e+00,  -2.202163e-03
   2.450000e+09,  0.000000e+00,  -2.146725e-03,  -0.000000e+00,  2.709664e-03,  0.000000e+00,  2.709664e-03,  0.000000e+00,  -2.140585e-03
   2.500000e+09,  0.000000e+00,  -2.087368e-03,  -0.000000e+00,  2.662480e-03,  0.000000e+00,  2.662480e-03,  0.000000e+00,  -2.081105e-03
   2.550000e+09,  0.000000e+00,  -2.029982e-03,  -0.000000e+00,  2.617313e-03,  0.000000e+00,  2.617313e-03,  0.000000e+00,  -2.023597e-03
   2.600000e+09,  0.000000e+00,  -1.974453e-03,  -0.000000e+00,  2.574046e-03,  0.000000e+00,  2.574046e-03,  0.000000e+00,  -1.967945e-03
   2.650000e+09,  0.000000e+00,  -1.920673e-03,  -0.000000e+00,  2.532576e-03,  0.000000e+00,  2.532576e-03,  0.000000e+00,  -1.914043e-03
   2.700000e+09,  0.000000e+00,  -1.868543e-03,  -0.000000e+00,  2.492802e-03,  0.000000e+00,  2.492802e-03,  0.000000e+00,  -1.861791e-03
   2.750000e+09,  0.000000e+00,  -1.817972e-03,  -0.000000e+00,  2.454636e-03,  0.000000e+00,  2.454636e-03,  0.000000e+00,  -1.811098e-03
   2.800000e+09,  0.000000e+00,  -1.768873e-03,  -0.000000e+00,  2.417991e-03,  0.000000e+00,  2.417991e-03,  0.000000e+00,  -1.761877e-03
   2.850000e+09,  0.000000e+00,  -1.721167e-03,  -0.000000e+00,  2.382791e-03,  0.000000e+00,  2.382791e-03,  0.000000e+00,  -1.714049e-03
   2.900000e+09,  0.000000e+00,  -1.674780e-03,  -0.000000e+00,  2.348962e-03,  0.000000e+00,  2.348962e-03,  0.000000e+00,  -1.667541e-03
   2.950000e+09,  0.000000e+00,  -1.629643e-03,  -0.000000e+00,  2.316436e-03,  0.000000e+00,  2.316436e-03,  0.000000e+00,  -1.622283e-03
   3.000000e+09,  0.000000e+00,  -1.585691e-03,  -0.000000e+00,  2.285150e-03,  0.000000e+00,  2.285150e-03,  0.000000e+00,  -1.578210e-03
   3.050000e+09,  0.000000e+00,  -1.542864e-03,  -0.000000e+00,  2.255045e-03,  0.000000e+00,  2.255045e-03,  0.000000e+00,  -1.535262e-03
   3.100000e+09,  0.000000e+00,  -1.501105e-03,  -0.000000e+00,  2.226066e-03,  0.000000e+00,  2.226066e-03,  0.000000e+00,  -1.493383e-03
   3.150000e+09,  0.000000e+00,  -1.460362e-03,  -0.000000e+00,  2.198160e-03,  0.000000e+00,  2.198160e-03,  0.000000e+00,  -1.452519e-03
   3.200000e+09,  0.000000e+00,  -1.420585e-03,  -0.000000e+00,  2.171280e-03,  0.000000e+00,  2.171280e-03,  0.000000e+00,  -1.412622e-03
   3.250000e+09,  0.000000e+00,  -1.381726e-03,  -0.000000e+00,  2.145381e-03,  0.000000e+00,  2.145381e-03,  0.000000e+00,  -1.373643e-03
   3.300000e+09,  0.000000e+00,  -1.343741e-03,  -0.000000e+00,  2.120418e-03,  0.000000e+00,  2.120418e-03,  0.000000e+00,  -1.335539e-03
   3.350000e+09,  0.000000e+00,  -1.306591e-03,  -0.000000e+00,  2.096354e-03,  0.000000e+00,  2.096354e-03,  0.000000e+00,  -1.298268e-03
   3.400000e+09,  0.000000e+00,  -1.270234e-03,  -0.000000e+00,  2.073150e-03,  0.000000e+00,  2.073150e-03,  0.000000e+00,  -1.261793e-03
   3.450000e+09,  0.000000e+00,  -1.234635e-03,  -0.000000e+00,  2.050770e-03,  0.000000e+00,  2.050770e-03,  0.000000e+00,  -1.226075e-03
   3.500000e+09,  0.000000e+00,  -1.199759e-03,  -0.000000e+00,  2.029182e-03,  0.000000e+00,  2.029182e-03,  0.000000e+00,  -1.191080e-03
   3.550000e+09,  0.000000e+00,  -1.165573e-03,  -0.000000e+00,  2.008354e-03,  0.000000e+00,  2.008354e-03,  0.000000e+00,  -1.156775e-03
   3.600000e+09,  0.000000e+00,  -1.132046e-03,  -0.000000e+00,  1.988256e-03,  0.000000e+00,  1.988256e-03,  0.000000e+00,  -1.123129e-03
   3.650000e+09,  0.000000e+00,  -1.099147e-03,  -0.000000e+00,  1.968861e-03,  0.000000e+00,  1.968861e-03,  0.000000e+00,  -1.090113e-03
   3.700000e+09,  0.000000e+00,  -1.066851e-03,  -0.000000e+00,  1.950143e-03,  0.000000e+00,  1.950143e-03,  0.000000e+00,  -1.057698e-03
   3.750000e+09,  0.000000e+00,  -1.035129e-03,  -0.000000e+00,  1.932076e-03,  0.000000e+00,  1.932076e-03,  0.000000e+00,  -1.025858e-03
   3.800000e+09,  0.000000e+00,  -1.003956e-03,  -0.000000e+00,  1.914638e-03,  0.000000e+00,  1.914638e-03,  0.000000e+00,  -9.945686e-04
   3.850000e+09,  0.000000e+00,  -9.733094e-04,  -0.000000e+00,  1.897805e-03,  0.000000e+00,  1.897805e-03,  0.000000e+00,  -9.638049e-04
   3.900000e+09,  0.000000e+00,  -9.431657e-04,  -0.000000e+00,  1.881557e-03,  0.000000e+00,  1.881557e-03,  0.000000e+00,  -9.335443e-04
   3.950000e+09,  0.000000e+00,  -9.135032e-04,  -0.000000e+00,  1.865874e-03,  0.000000e+00,  1.865874e-03,  0.000000e+00,  -9.037653e-04
   4.000000e+09,  0.000000e+00,  -8.843013e-04,  -0.000000e+00,  1.850738e-03,  0.000000e+00,  1.850738e-03,  0.000000e+00,  -8.744472e-04
   4.050000e+09,  0.000000e+00,  -8.555403e-04,  -0.000000e+00,  1.836130e-03,  0.000000e+00,  1.836130e-03,  0.000000e+00,  -8.455703e-04
   4.100000e+09,  0.000000e+00,  -8.272013e-04,  -0.000000e+00,  1.822033e-03,  0.000000e+00,  1.822033e-03,  0.000000e+00,  -8.171157e-04
   4.150000e+09,  0.000000e+00,  -7.992664e-04,  -0.000000e+00,  1.808432e-03,  0.000000e+00,  1.808432e-03,  0.000000e+00,  -7.890655e-04
   4.200000e+09,  0.000000e+00,  -7.717184e-04,  -0.000000e+00,  1.795312e-03,  0.000000e+00,  1.795312e-03,  0.000000e+00,  -7.614025e-04
   4.250000e+09,  0.000000e+00,  -7.445409e-04,  -0.000000e+00,  1.782657e-03,  0.000000e+00,  1.782657e-03,  0.000000e+00,  -7.341102e-04
   4.300000e+09,  0.000000e+00,  -7.177180e-04,  -0.000000e+00,  1.770455e-03,  0.000000e+00,  1.770455e-03,  0.000000e+00,  -7.071729e-04
   4.350000e+09,  0.000000e+00,  -6.912346e-04,  -0.000000e+00,  1.758692e-03,  0.000000e+00,  1.758692e-03,  0.000000e+00,  -6.805755e-04
   4.400000e+09,  0.000000e+00,  -6.650763e-04,  -0.000000e+00,  1.747356e-03,  0.000000e+00,  1.747356e-03,  0.000000e+00,  -6.543035e-04
   4.450000e+09,  0.000000e+00,  -6.392291e-04,  -0.000000e+00,  1.736435e-03,  0.000000e+00,  1.736435e-03,  0.000000e+00,  -6.283429e-04
   4.500000e+09,  0.000000e+00,  -6.136796e-04,  -0.000000e+00,  1.725918e-03,  0.000000e+00,  1.725918e-03,  0.000000e+00,  -6.026804e-04
   4.550000e+09,  0.000000e+00,  -5.884150e-04,  -0.000000e+00,  1.715796e-03,  0.000000e+00,  1.715796e-03,  0.000000e+00,  -5.773032e-04
   4.600000e+09,  0.000000e+00,  -5.634229e-04,  -0.000000e+00,  1.706057e-03,  0.000000e+00,  1.706057e-03,  0.000000e+00,  -5.521987e-04
   4.650000e+09,  0.000000e+00,  -5.386912e-04,  -0.000000e+00,  1.696692e-03,  0.000000e+00,  1.696692e-03,  0.000000e+00,  -5.273551e-04
   4.700000e+09,  0.000000e+00,  -5.142086e-04,  -0.000000e+00,  1.687693e-03,  0.000000e+00,  1.687693e-03,  0.000000e+00,  -5.027609e-04
   4.750000e+09,  0.000000e+00,  -4.899638e-04,  -0.000000e+00,  1.679050e-03,  0.000000e+00,  1.679050e-03,  0.000000e+00,  -4.784049e-04
   4.800000e+09,  0.000000e+00,  -4.659461e-04,  -0.000000e+00,  1.670756e-03,  0.000000e+00,  1.670756e-03,  0.000000e+00,  -4.542764e-04
   4.850000e+09,  0.000000e+00,  -4.421452e-04,  -0.000000e+00,  1.662803e-03,  0.000000e+00,  1.662803e-03,  0.000000e+00,  -4.303650e-04
   4.900000e+09,  0.000000e+00,  -4.185509e-04,  -0.000000e+00,  1.655184e-03,  0.000000e+00,  1.655184e-03,  0.000000e+00,  -4.066607e-04
   4.950000e+09,  0.000000e+00,  -3.951535e-04,  -0.000000e+00,  1.647892e-03,  0.000000e+00,  1.647892e-03,  0.000000e+00,  -3.831537e-04
   5.000000e+09,  0.000000e+00,  -3.719436e-04,  -0.000000e+00,  1.640920e-03,  0.000000e+00,  1.640920e-03,  0.000000e+00,  -3.598347e-04
   5.050000e+09,  0.000000e+00,  -3.489120e-04,  -0.000000e+00,  1.634262e-03,  0.000000e+00,  1.634262e-03,  0.000000e+00,  -3.366943e-04
   5.100000e+09,  0.000000e+00,  -3.260497e-04,  -0.000000e+00,  1.627912e-03,  0.000000e+00,  1.627912e-03,  0.000000e+00,  -3.137237e-04
   5.150000e+09,  0.000000e+00,  -3.033482e-04,  -0.000000e+00,  1.621865e-03,  0.000000e+00,  1.621865e-03,  0.000000e+00,  -2.909143e-04
   5.200000e+09,  0.000000e+00,  -2.807989e-04,  -0.000000e+00,  1.616116e-03,  0.000000e+00,  1.616116e-03,  0.000000e+00,  -2.682575e-04
   5.250000e+09,  0.000000e+00,  -2.583937e-04,  -0.000000e+00,  1.610659e-03,  0.000000e+00,  1.610659e-03,  0.000000e+00,  -2.457453e-04
   5.300000e+09,  0.000000e+00,  -2.361244e-04,  -0.000000e+00,  1.605490e-03,  0.000000e+00,  1.605490e-03,  0.000000e+00,  -2.233695e-04
   5.350000e+09,  0.000000e+00,  -2.139834e-04,  -0.000000e+00,  1.600605e-03,  0.000000e+00,  1.600605e-03,  0.000000e+00,  -2.011224e-04
   5.400000e+09,  0.000000e+00,  -1.919628e-04,  -0.000000e+00,  1.596000e-03,  0.000000e+00,  1.596000e-03,  0.000000e+00,  -1.789963e-04
   5.450000e+09,  0.000000e+00,  -1.700553e-04,  -0.000000e+00,  1.591671e-03,  0.000000e+00,  1.591671e-03,  0.000000e+00,  -1.569838e-04
   5.500000e+09,  0.000000e+00,  -1.482534e-04,  -0.000000e+00,  1.587614e-03,  0.000000e+00,  1.587614e-03,  0.000000e+00,  -1.350773e-04
   5.550000e+09,  0.000000e+00,  -1.265500e-04,  -0.000000e+00,  1.583826e-03,  0.000000e+00,  1.583826e-03,  0.000000e+00,  -1.132699e-04
   5.600000e+09,  0.000000e+00,  -1.049380e-04,  -0.000000e+00,  1.580304e-03,  0.000000e+00,  1.580304e-03,  0.000000e+00,  -9.155440e-05
   5.650000e+09,  0.000000e+00,  -8.341049e-05,  -0.000000e+00,  1.577045e-03,  0.000000e+00,  1.577045e-03,  0.000000e+00,  -6.992386e-05
   5.700000e+09,  0.000000e+00,  -6.196054e-05,  -0.000000e+00,  1.574047e-03,  0.000000e+00,  1.574047e-03,  0.000000e+00,  -4.837147e-05
   5.750000e+09,  0.000000e+00,  -4.058144e-05,  -0.000000e+00,  1.571308e-03,  0.000000e+00,  1.571308e-03,  0.000000e+00,  -2.689048e-05
   5.800000e+09,  0.000000e+00,  -1.926656e-05,  -0.000000e+00,  1.568824e-03,  0.000000e+00,  1.568824e-03,  0.000000e+00,  -5.474276e-06
   5.850000e+09,  -0.000000e+00,  1.990696e-06,  -0.000000e+00,  1.566594e-03,  0.000000e+00,  1.566594e-03,  0.000000e+00,  1.588372e-05
   5.900000e+09,  -0.000000e+00,  2.319680e-05,  -0.000000e+00,  1.564617e-03,  0.000000e+00,  1.564617e-03,  0.000000e+00,  3.718998e-05
   5.950000e+09,  -0.000000e+00,  4.435820e-05,  -0.000000e+00,  1.562891e-03,  0.000000e+00,  1.562891e-03,  0.000000e+00,  5.845093e-05
   6.000000e+09,  -0.000000e+00,  6.548126e-05,  -0.000000e+00,  1.561414e-03,  0.000000e+00,  1.561414e-03,  0.000000e+00,  7.967293e-05
   6.050000e+09,  -0.000000e+00,  8.657230e-05,  -0.000000e+00,  1.560186e-03,  0.000000e+00,  1.560186e-03,  0.000000e+00,  1.008623e-04
   6.100000e+09,  -0.000000e+00,  1.076376e-04,  -0.000000e+00,  1.559205e-03,  0.000000e+00,  1.559205e-03,  0.000000e+00,  1.220253e-04
   6.150000e+09,  -0.000000e+00,  1.286835e-04,  -0.000000e+00,  1.558472e-03,  0.000000e+00,  1.558472e-03,  0.000000e+00,  1.431682e-04
   6.200000e+09,  -0.000000e+00,  1.497161e-04,  -0.000000e+00,  1.557984e-03,  0.000000e+00,  1.557984e-03,  0.000000e+00,  1.642971e-04
   6.250000e+09,  -0.000000e+00,  1.707417e-04,  -0.000000e+00,  1.557743e-03,  0.000000e+00,  1.557743e-03,  0.000000e+00,  1.854184e-04
   6.300000e+09,  -0.000000e+00,  1.917664e-04,  -0.000000e+00,  1.557747e-03,  0.000000e+00,  1.557747e-03,  0.000000e+00,  2.065382e-04
   6.350000e+09,  -0.000000e+00,  2.127966e-04,  -0.000000e+00,  1.557998e-03,  0.000000e+00,  1.557998e-03,  0.000000e+00,  2.276626e-04
   6.400000e+09,  -0.000000e+00,  2.338384e-04,  -0.000000e+00,  1.558495e-03,  0.000000e+00,  1.558495e-03,  0.000000e+00,  2.487980e-04
   6.450000e+09,  -0.000000e+00,  2.548980e-04,  -0.000000e+00,  1.559239e-03,  0.000000e+00,  1.559239e-03,  0.000000e+00,  2.699504e-04
   6.500000e+09,  -0.000000e+00,  2.759817e-04,  -0.000000e+00,  1.560230e-03,  0.000000e+00,  1.560230e-03,  0.000000e+00,  2.911262e-04
   6.550000e+09,  -0.000000e+00,  2.970958e-04,  -0.000000e+00,  1.561469e-03,  0.000000e+00,  1.561469e-03,  0.000000e+00,  3.123317e-04
   6.600000e+09,  -0.000000e+00,  3.182466e-04,  -0.000000e+00,  1.562957e-03,  0.000000e+00,  1.562957e-03,  0.000000e+00,  3.335730e-04
   6.650000e+09,  -0.000000e+00,  3.394406e-04,  -0.000000e+00,  1.564697e-03,  0.000000e+00,  1.564697e-03,  0.000000e+00,  3.548567e-04
   6.700000e+09,  -0.000000e+00,  3.606840e-04,  -0.000000e+00,  1.566688e-03,  0.000000e+00,  1.566688e-03,  0.000000e+00,  3.761891e-04
   6.750000e+09,  -0.000000e+00,  3.819835e-04,  -0.000000e+00,  1.568933e-03,  0.000000e+00,  1.568933e-03,  0.000000e+00,  3.975767e-04
   6.800000e+09,  -0.000000e+00,  4.033456e-04,  -0.000000e+00,  1.571433e-03,  0.000000e+00,  1.571433e-03,  0.000000e+00,  4.190260e-04
   6.850000e+09,  -0.000000e+00,  4.247770e-04,  -0.000000e+00,  1.574192e-03,  0.000000e+00,  1.574192e-03,  0.000000e+00,  4.405437e-04
   6.900000e+09,  -0.000000e+00,  4.462843e-04,  -0.000000e+00,  1.577210e-03,  0.000000e+00,  1.577210e-03,  0.000000e+00,  4.621366e-04
   6.950000e+09,  -0.000000e+00,  4.678746e-04,  -0.000000e+00,  1.580491e-03,  0.000000e+00,  1.580491e-03,  0.000000e+00,  4.838115e-04
   7.000000e+09,  -0.000000e+00,  4.895547e-04,  -0.000000e+00,  1.584037e-03,  0.000000e+00,  1.584037e-03,  0.000000e+00,  5.055753e-04
   7.050000e+09,  -0.000000e+00,  5.113318e-04,  -0.000000e+00,  1.587852e-03,  0.000000e+00,  1.587852e-03,  0.000000e+00,  5.274351e-04
   7.100000e+09,  -0.000000e+00,  5.332130e-04,  -0.000000e+00,  1.591938e-03,  0.000000e+00,  1.591938e-03,  0.000000e+00,  5.493980e-04
   7.150000e+09,  -0.000000e+00,  5.552057e-04,  -0.000000e+00,  1.596300e-03,  0.000000e+00,  1.596300e-03,  0.000000e+00,  5.714716e-04
   7.200000e+09,  -0.000000e+00,  5.773175e-04,  -0.000000e+00,  1.600940e-03,  0.000000e+00,  1.600940e-03,  0.000000e+00,  5.936632e-04
   7.250000e+09,  -0.000000e+00,  5.995561e-04,  -0.000000e+00,  1.605864e-03,  0.000000e+00,  1.605864e-03,  0.000000e+00,  6.159806e-04
   7.300000e+09,  -0.000000e+00,  6.219293e-04,  -0.000000e+00,  1.611075e-03,  0.000000e+00,  1.611075e-03,  0.000000e+00,  6.384316e-04
   7.350000e+09,  -0.000000e+00,  6.444452e-04,  -0.000000e+00,  1.616578e-03,  0.000000e+00,  1.616578e-03,  0.000000e+00,  6.610242e-04
   7.400000e+09,  -0.000000e+00,  6.671122e-04,  -0.000000e+00,  1.622377e-03,  0.000000e+00,  1.622377e-03,  0.000000e+00,  6.837669e-04
   7.450000e+09,  -0.000000e+00,  6.899387e-04,  -0.000000e+00,  1.628479e-03,  0.000000e+00,  1.628479e-03,  0.000000e+00,  7.066680e-04
   7.500000e+09,  -0.000000e+00,  7.129335e-04,  -0.000000e+00,  1.634889e-03,  0.000000e+00,  1.634889e-03,  0.000000e+00,  7.297363e-04
   7.550000e+09,  -0.000000e+00,  7.361056e-04,  -0.000000e+00,  1.641612e-03,  0.000000e+00,  1.641612e-03,  0.000000e+00,  7.529808e-04
   7.600000e+09,  -0.000000e+00,  7.594644e-04,  -0.000000e+00,  1.648655e-03,  0.000000e+00,  1.648655e-03,  0.000000e+00,  7.764109e-04
   7.650000e+09,  -0.000000e+00,  7.830195e-04,  -0.000000e+00,  1.656024e-03,  0.000000e+00,  1.656024e-03,  0.000000e+00,  8.000363e-04
   7.700000e+09,  -0.000000e+00,  8.067809e-04,  -0.000000e+00,  1.663727e-03,  0.000000e+00,  1.663727e-03,  0.000000e+00,  8.238668e-04
   7.750000e+09,  -0.000000e+00,  8.307588e-04,  -0.000000e+00,  1.671771e-03,  0.000000e+00,  1.671771e-03,  0.000000e+00,  8.479128e-04
   7.800000e+09,  -0.000000e+00,  8.549642e-04,  -0.000000e+00,  1.680165e-03,  0.000000e+00,  1.680165e-03,  0.000000e+00,  8.721852e-04
   7.850000e+09,  0.000000e+00,  8.794081e-04,  0.000000e+00,  1.688916e-03,  0.000000e+00,  1.688916e-03,  0.000000e+00,  8.966952e-04
   7.900000e+09,  0.000000e+00,  9.041023e-04,  0.000000e+00,  1.698034e-03,  0.000000e+00,  1.698034e-03,  0.000000e+00,  9.214546e-04
   7.950000e+09,  0.000000e+00,  9.290592e-04,  0.000000e+00,  1.707528e-03,  0.000000e+00,  1.707528e-03,  0.000000e+00,  9.464758e-04
   8.000000e+09,  0.000000e+00,  9.542918e-04,  0.000000e+00,  1.717410e-03,  0.000000e+00,  1.717410e-03,  0.000000e+00,  9.717722e-04
   8.050000e+09,  0.000000e+00,  9.798141e-04,  0.000000e+00,  1.727691e-03,  0.000000e+00,  1.727691e-03,  0.000000e+00,  9.973578e-04
   8.100000e+09,  0.000000e+00,  1.005641e-03,  0.000000e+00,  1.738383e-03,  0.000000e+00,  1.738383e-03,  0.000000e+00,  1.023248e-03
   8.150000e+09,  0.000000e+00,  1.031789e-03,  0.000000e+00,  1.749502e-03,  0.000000e+00,  1.749502e-03,  0.000000e+00,  1.049461e-03
   8.200000e+09,  0.000000e+00,  1.058278e-03,  0.000000e+00,  1.761065e-03,  0.000000e+00,  1.761065e-03,  0.000000e+00,  1.076015e-03
   8.250000e+09,  0.000000e+00,  1.085130e-03,  0.000000e+00,  1.773092e-03,  0.000000e+00,  1.773092e-03,  0.000000e+00,  1.102936e-03
   8.300000e+09,  0.000000e+00,  1.112375e-03,  0.000000e+00,  1.785613e-03,  0.000000e+00,  1.785613e-03,  0.000000e+00,  1.130255e-03
   8.350000e+09,  0.000000e+00,  1.140056e-03,  0.000000e+00,  1.798671e-03,  0.000000e+00,  1.798671e-03,  0.000000e+00,  1.158022e-03
   8.400000e+09,  0.000000e+00,  1.168251e-03,  0.000000e+00,  1.812349e-03,  0.000000e+00,  1.812349e-03,  0.000000e+00,  1.186327e-03
   8.450000e+09,  0.000000e+00,  1.197143e-03,  0.000000e+00,  1.826842e-03,  0.000000e+00,  1.826842e-03,  0.000000e+00,  1.215386e-03
   8.500000e+09,  0.000000e+00,  1.227414e-03,  0.000000e+00,  1.842895e-03,  0.000000e+00,  1.842895e-03,  0.000000e+00,  1.246013e-03
   8.550000e+09,  -0.000000e+00,  1.267710e-03,  -0.000000e+00,  1.869970e-03,  0.000000e+00,  1.869970e-03,  0.000000e+00,  1.288573e-03
   8.600000e+09,  -0.000000e+00,  1.274893e-03,  -0.000000e+00,  1.860823e-03,  0.000000e+00,  1.860823e-03,  0.000000e+00,  1.291324e-03
   8.650000e+09,  -0.000000e+00,  1.309425e-03,  -0.000000e+00,  1.881664e-03,  0.000000e+00,  1.881664e-03,  0.000000e+00,  1.326779e-03
   8.700000e+09,  -0.000000e+00,  1.341095e-03,  -0.000000e+00,  1.899404e-03,  0.000000e+00,  1.899404e-03,  0.000000e+00,  1.358699e-03
   8.750000e+09,  -0.000000e+00,  1.372677e-03,  -0.000000e+00,  1.917077e-03,  0.000000e+00,  1.917077e-03,  0.000000e+00,  1.390406e-03
   8.800000e+09,  -0.000000e+00,  1.404590e-03,  -0.000000e+00,  1.935137e-03,  0.000000e+00,  1.935137e-03,  0.000000e+00,  1.422397e-03
   8.850000e+09,  -0.000000e+00,  1.436972e-03,  -0.000000e+00,  1.953732e-03,  0.000000e+00,  1.953732e-03,  0.000000e+00,  1.454835e-03
   8.900000e+09,  -0.000000e+00,  1.469897e-03,  -0.000000e+00,  1.972938e-03,  0.000000e+00,  1.972938e-03,  0.000000e+00,  1.487802e-03
   8.950000e+09,  -0.000000e+00,  1.503416e-03,  -0.000000e+00,  1.992805e-03,  0.000000e+00,  1.992805e-03,  0.000000e+00,  1.521351e-03
   9.000000e+09,  -0.000000e+00,  1.537569e-03,  -0.000000e+00,  2.013376e-03,  0.000000e+00,  2.013376e-03,  0.000000e+00,  1.555528e-03
   9.050000e+09,  -0.000000e+00,  1.572395e-03,  -0.000000e+00,  2.034686e-03,  0.000000e+00,  2.034686e-03,  0.000000e+00,  1.590370e-03
   9.100000e+09,  0.000000e+00,  1.607932e-03,  0.000000e+00,  2.056771e-03,  0.000000e+00,  2.056771e-03,  0.000000e+00,  1.625917e-03
   9.150000e+09,  0.000000e+00,  1.644216e-03,  0.000000e+00,  2.079669e-03,  0.000000e+00,  2.079669e-03,  0.000000e+00,  1.662206e-03
   9.200000e+09,  0.000000e+00,  1.681287e-03,  0.000000e+00,  2.103417e-03,  0.000000e+00,  2.103417e-03,  0.000000e+00,  1.699277e-03
   9.250000e+09,  0.000000e+00,  1.719185e-03,  0.000000e+00,  2.128054e-03,  0.000000e+00,  2.128054e-03,  0.000000e+00,  1.737171e-03
   9.300000e+09,  0.000000e+00,  1.757954e-03,  0.000000e+00,  2.153620e-03,  0.000000e+00,  2.153620e-03,  0.000000e+00,  1.775929e-03
   9.350000e+09,  0.000000e+00,  1.797637e-03,  0.000000e+00,  2.180160e-03,  0.000000e+00,  2.180160e-03,  0.000000e+00,  1.815597e-03
   9.400000e+09,  0.000000e+00,  1.838284e-03,  0.000000e+00,  2.207720e-03,  0.000000e+00,  2.207720e-03,  0.000000e+00,  1.856223e-03
   9.450000e+09,  0.000000e+00,  1.879943e-03,  0.000000e+00,  2.236348e-03,  0.000000e+00,  2.236348e-03,  0.000000e+00,  1.897856e-03
   9.500000e+09,  0.000000e+00,  1.922669e-03,  0.000000e+00,  2.266097e-03,  0.000000e+00,  2.266097e-03,  0.000000e+00,  1.940551e-03
   9.550000e+09,  0.000000e+00,  1.966520e-03,  0.000000e+00,  2.297022e-03,  0.000000e+00,  2.297022e-03,  0.000000e+00,  1.984364e-03
   9.600000e+09,  0.000000e+00,  2.011555e-03,  0.000000e+00,  2.329184e-03,  0.000000e+00,  2.329184e-03,  0.000000e+00,  2.029356e-03
   9.650000e+09,  0.000000e+00,  2.057841e-03,  0.000000e+00,  2.362645e-03,  0.000000e+00,  2.362645e-03,  0.000000e+00,  2.075592e-03
   9.700000e+09,  0.000000e+00,  2.105446e-03,  0.000000e+00,  2.397475e-03,  0.000000e+00,  2.397475e-03,  0.000000e+00,  2.123142e-03
   9.750000e+09,  0.000000e+00,  2.154447e-03,  0.000000e+00,  2.433747e-03,  0.000000e+00,  2.433747e-03,  0.000000e+00,  2.172080e-03
   9.800000e+09,  0.000000e+00,  2.204924e-03,  0.000000e+00,  2.471539e-03,  0.000000e+00,  2.471539e-03,  0.000000e+00,  2.222487e-03
   9.850000e+09,  0.000000e+00,  2.256962e-03,  0.000000e+00,  2.510937e-03,  0.000000e+00,  2.510937e-03,  0.000000e+00,  2.274447e-03
   9.900000e+09,  0.000000e+00,  2.310654e-03,  0.000000e+00,  2.552033e-03,  0.000000e+00,  2.552033e-03,  0.000000e+00,  2.328055e-03
   9.950000e+09,  0.000000e+00,  2.366102e-03,  0.000000e+00,  2.594924e-03,  0.000000e+00,  2.594924e-03,  0.000000e+00,  2.383409e-03
   1.000000e+10,  0.000000e+00,  2.423414e-03,  0.000000e+00,  2.639718e-03,  0.000000e+00,  2.639718e-03,  0.000000e+00,  2.440617e-03
