   5.000000e+07,  0.000000e+00,  -4.451133e+04,  0.000000e+00,  -4.451536e+04,  0.000000e+00,  -4.451536e+04,  0.000000e+00,  -4.451138e+04
   1.000000e+08,  0.000000e+00,  -2.225186e+04,  0.000000e+00,  -2.225993e+04,  0.000000e+00,  -2.225993e+04,  0.000000e+00,  -2.225195e+04
   1.500000e+08,  0.000000e+00,  -1.483035e+04,  0.000000e+00,  -1.484245e+04,  0.000000e+00,  -1.484245e+04,  0.000000e+00,  -1.483049e+04
   2.000000e+08,  0.000000e+00,  -1.111833e+04,  0.000000e+00,  -1.113447e+04,  0.000000e+00,  -1.113447e+04,  0.000000e+00,  -1.111851e+04
   2.500000e+08,  0.000000e+00,  -8.890097e+03,  0.000000e+00,  -8.910274e+03,  0.000000e+00,  -8.910274e+03,  0.000000e+00,  -8.890323e+03
   3.000000e+08,  0.000000e+00,  -7.403764e+03,  0.000000e+00,  -7.427981e+03,  0.000000e+00,  -7.427981e+03,  0.000000e+00,  -7.404035e+03
   3.500000e+08,  0.000000e+00,  -6.341371e+03,  0.000000e+00,  -6.369631e+03,  0.000000e+00,  -6.369631e+03,  0.000000e+00,  -6.341687e+03
   4.000000e+08,  0.000000e+00,  -5.543939e+03,  0.000000e+00,  -5.576246e+03,  0.000000e+00,  -5.576246e+03,  0.000000e+00,  -5.544300e+03
   4.500000e+08,  0.000000e+00,  -4.923148e+03,  0.000000e+00,  -4.959505e+03,  0.000000e+00,  -4.959505e+03,  0.000000e+00,  -4.923554e+03
   5.000000e+08,  0.000000e+00,  -4.426004e+03,  0.000000e+00,  -4.466416e+03,  0.000000e+00,  -4.466416e+03,  0.000000e+00,  -4.426456e+03
   5.500000e+08,  0.000000e+00,  -4.018785e+03,  0.000000e+00,  -4.063255e+03,  0.000000e+00,  -4.063255e+03,  0.000000e+00,  -4.019282e+03
   6.000000e+08,  0.000000e+00,  -3.679008e+03,  0.000000e+00,  -3.727543e+03,  0.000000e+00,  -3.727543e+03,  0.000000e+00,  -3.679551e+03
   6.500000e+08,  0.000000e+00,  -3.391110e+03,  0.000000e+00,  -3.443714e+03,  0.000000e+00,  -3.443714e+03,  0.000000e+00,  -3.391697e+03
   7.000000e+08,  0.000000e+00,  -3.143971e+03,  0.000000e+00,  -3.200651e+03,  0.000000e+00,  -3.200651e+03,  0.000000e+00,  -3.144604e+03
   7.500000e+08,  0.000000e+00,  -2.929440e+03,  0.000000e+00,  -2.990203e+03,  0.000000e+00,  -2.990203e+03,  0.000000e+00,  -2.930119e+03
   8.000000e+08,  0.000000e+00,  -2.741402e+03,  0.000000e+00,  -2.806254e+03,  0.000000e+00,  -2.806254e+03,  0.000000e+00,  -2.742126e+03
   8.500000e+08,  0.000000e+00,  -2.575181e+03,  0.000000e+00,  -2.644129e+03,  0.000000e+00,  -2.644129e+03,  0.000000e+00,  -2.575949e+03
   9.000000e+08,  0.000000e+00,  -2.427138e+03,  0.000000e+00,  -2.500192e+03,  0.000000e+00,  -2.500192e+03,  0.000000e+00,  -2.427953e+03
   9.500000e+08,  0.000000e+00,  -2.294405e+03,  0.000000e+00,  -2.371571e+03,  0.000000e+00,  -2.371571e+03,  0.000000e+00,  -2.295264e+03
   1.000000e+09,  0.000000e+00,  -2.174682e+03,  0.000000e+00,  -2.255971e+03,  0.000000e+00,  -2.255971e+03,  0.000000e+00,  -2.175586e+03
   1.050000e+09,  0.000000e+00,  -2.066110e+03,  0.000000e+00,  -2.151531e+03,  0.000000e+00,  -2.151531e+03,  0.000000e+00,  -2.067060e+03
   1.100000e+09,  0.000000e+00,  -1.967168e+03,  0.000000e+00,  -2.056731e+03,  0.000000e+00,  -2.056731e+03,  0.000000e+00,  -1.968164e+03
   1.150000e+09,  0.000000e+00,  -1.876599e+03,  0.000000e+00,  -1.970314e+03,  0.000000e+00,  -1.970314e+03,  0.000000e+00,  -1.877640e+03
   1.200000e+09,  0.000000e+00,  -1.793355e+03,  0.000000e+00,  -1.891233e+03,  0.000000e+00,  -1.891233e+03,  0.000000e+00,  -1.794441e+03
   1.250000e+09,  0.000000e+00,  -1.716556e+03,  0.000000e+00,  -1.818609e+03,  0.000000e+00,  -1.818609e+03,  0.000000e+00,  -1.717688e+03
   1.300000e+09,  0.000000e+00,  -1.645458e+03,  0.000000e+00,  -1.751698e+03,  0.000000e+00,  -1.751698e+03,  0.000000e+00,  -1.646635e+03
   1.350000e+09,  0.000000e+00,  -1.579426e+03,  0.000000e+00,  -1.689865e+03,  0.000000e+00,  -1.689865e+03,  0.000000e+00,  -1.580649e+03
   1.400000e+09,  0.000000e+00,  -1.517916e+03,  0.000000e+00,  -1.632568e+03,  0.000000e+00,  -1.632568e+03,  0.000000e+00,  -1.519185e+03
   1.450000e+09,  0.000000e+00,  -1.460460e+03,  0.000000e+00,  -1.579338e+03,  0.000000e+00,  -1.579338e+03,  0.000000e+00,  -1.461774e+03
   1.500000e+09,  0.000000e+00,  -1.406651e+03,  0.000000e+00,  -1.529769e+03,  0.000000e+00,  -1.529769e+03,  0.000000e+00,  -1.408010e+03
   1.550000e+09,  0.000000e+00,  -1.356135e+03,  0.000000e+00,  -1.483509e+03,  0.000000e+00,  -1.483509e+03,  0.000000e+00,  -1.357540e+03
   1.600000e+09,  0.000000e+00,  -1.308602e+03,  0.000000e+00,  -1.440247e+03,  0.000000e+00,  -1.440247e+03,  0.000000e+00,  -1.310054e+03
   1.650000e+09,  0.000000e+00,  -1.263781e+03,  0.000000e+00,  -1.399712e+03,  0.000000e+00,  -1.399712e+03,  0.000000e+00,  -1.265278e+03
   1.700000e+09,  0.000000e+00,  -1.221431e+03,  0.000000e+00,  -1.361664e+03,  0.000000e+00,  -1.361664e+03,  0.000000e+00,  -1.222974e+03
   1.750000e+09,  0.000000e+00,  -1.181339e+03,  0.000000e+00,  -1.325892e+03,  0.000000e+00,  -1.325892e+03,  0.000000e+00,  -1.182927e+03
   1.800000e+09,  0.000000e+00,  -1.143315e+03,  0.000000e+00,  -1.292206e+03,  0.000000e+00,  -1.292206e+03,  0.000000e+00,  -1.144950e+03
   1.850000e+09,  0.000000e+00,  -1.107192e+03,  0.000000e+00,  -1.260438e+03,  0.000000e+00,  -1.260438e+03,  0.000000e+00,  -1.108872e+03
   1.900000e+09,  0.000000e+00,  -1.072817e+03,  0.000000e+00,  -1.230438e+03,  0.000000e+00,  -1.230438e+03,  0.000000e+00,  -1.074544e+03
   1.950000e+09,  0.000000e+00,  -1.040056e+03,  0.000000e+00,  -1.202071e+03,  0.000000e+00,  -1.202071e+03,  0.000000e+00,  -1.041829e+03
   2.000000e+09,  0.000000e+00,  -1.008787e+03,  0.000000e+00,  -1.175215e+03,  0.000000e+00,  -1.175215e+03,  0.000000e+00,  -1.010605e+03
   2.050000e+09,  0.000000e+00,  -9.788977e+02,  0.000000e+00,  -1.149760e+03,  0.000000e+00,  -1.149760e+03,  0.000000e+00,  -9.807622e+02
   2.100000e+09,  0.000000e+00,  -9.502902e+02,  0.000000e+00,  -1.125608e+03,  0.000000e+00,  -1.125608e+03,  0.000000e+00,  -9.522008e+02
   2.150000e+09,  0.000000e+00,  -9.228735e+02,  0.000000e+00,  -1.102669e+03,  0.000000e+00,  -1.102669e+03,  0.000000e+00,  -9.248303e+02
   2.200000e+09,  0.000000e+00,  -8.965651e+02,  0.000000e+00,  -1.080861e+03,  0.000000e+00,  -1.080861e+03,  0.000000e+00,  -8.985682e+02
   2.250000e+09,  0.000000e+00,  -8.712902e+02,  0.000000e+00,  -1.060110e+03,  0.000000e+00,  -1.060110e+03,  0.000000e+00,  -8.733395e+02
   2.300000e+09,  0.000000e+00,  -8.469801e+02,  0.000000e+00,  -1.040348e+03,  0.000000e+00,  -1.040348e+03,  0.000000e+00,  -8.490757e+02
   2.350000e+09,  0.000000e+00,  -8.235721e+02,  0.000000e+00,  -1.021512e+03,  0.000000e+00,  -1.021512e+03,  0.000000e+00,  -8.257141e+02
   2.400000e+09,  0.000000e+00,  -8.010085e+02,  0.000000e+00,  -1.003546e+03,  0.000000e+00,  -1.003546e+03,  0.000000e+00,  -8.031970e+02
   2.450000e+09,  0.000000e+00,  -7.792366e+02,  0.000000e+00,  -9.863980e+02,  0.000000e+00,  -9.863980e+02,  0.000000e+00,  -7.814717e+02
   2.500000e+09,  0.000000e+00,  -7.582077e+02,  0.000000e+00,  -9.700196e+02,  0.000000e+00,  -9.700196e+02,  0.000000e+00,  -7.604893e+02
   2.550000e+09,  0.000000e+00,  -7.378767e+02,  0.000000e+00,  -9.543669e+02,  0.000000e+00,  -9.543669e+02,  0.000000e+00,  -7.402049e+02
   2.600000e+09,  0.000000e+00,  -7.182022e+02,  0.000000e+00,  -9.393989e+02,  0.000000e+00,  -9.393989e+02,  0.000000e+00,  -7.205771e+02
   2.650000e+09,  0.000000e+00,  -6.991458e+02,  0.000000e+00,  -9.250781e+02,  0.000000e+00,  -9.250781e+02,  0.000000e+00,  -7.015674e+02
   2.700000e+09,  0.000000e+00,  -6.806718e+02,  0.000000e+00,  -9.113698e+02,  0.000000e+00,  -9.113698e+02,  0.000000e+00,  -6.831403e+02
   2.750000e+09,  0.000000e+00,  -6.627473e+02,  0.000000e+00,  -8.982416e+02,  0.000000e+00,  -8.982416e+02,  0.000000e+00,  -6.652627e+02
   2.800000e+09,  0.000000e+00,  -6.453415e+02,  0.000000e+00,  -8.856636e+02,  0.000000e+00,  -8.856636e+02,  0.000000e+00,  -6.479039e+02
   2.850000e+09,  0.000000e+00,  -6.284258e+02,  0.000000e+00,  -8.736081e+02,  0.000000e+00,  -8.736081e+02,  0.000000e+00,  -6.310352e+02
   2.900000e+09,  0.000000e+00,  -6.119735e+02,  0.000000e+00,  -8.620493e+02,  0.000000e+00,  -8.620493e+02,  0.000000e+00,  -6.146301e+02
   2.950000e+09,  0.000000e+00,  -5.959598e+02,  0.000000e+00,  -8.509631e+02,  0.000000e+00,  -8.509631e+02,  0.000000e+00,  -5.986635e+02
   3.000000e+09,  0.000000e+00,  -5.803613e+02,  0.000000e+00,  -8.403271e+02,  0.000000e+00,  -8.403271e+02,  0.000000e+00,  -5.831122e+02
   3.050000e+09,  0.000000e+00,  -5.651562e+02,  0.000000e+00,  -8.301205e+02,  0.000000e+00,  -8.301205e+02,  0.000000e+00,  -5.679545e+02
   3.100000e+09,  0.000000e+00,  -5.503241e+02,  0.000000e+00,  -8.203237e+02,  0.000000e+00,  -8.203237e+02,  0.000000e+00,  -5.531698e+02
   3.150000e+09,  0.000000e+00,  -5.358458e+02,  0.000000e+00,  -8.109186e+02,  0.000000e+00,  -8.109186e+02,  0.000000e+00,  -5.387391e+02
   3.200000e+09,  0.000000e+00,  -5.217034e+02,  0.000000e+00,  -8.018881e+02,  0.000000e+00,  -8.018881e+02,  0.000000e+00,  -5.246443e+02
   3.250000e+09,  0.000000e+00,  -5.078798e+02,  0.000000e+00,  -7.932161e+02,  0.000000e+00,  -7.932161e+02,  0.000000e+00,  -5.108683e+02
   3.300000e+09,  0.000000e+00,  -4.943591e+02,  0.000000e+00,  -7.848879e+02,  0.000000e+00,  -7.848879e+02,  0.000000e+00,  -4.973954e+02
   3.350000e+09,  0.000000e+00,  -4.811262e+02,  0.000000e+00,  -7.768893e+02,  0.000000e+00,  -7.768893e+02,  0.000000e+00,  -4.842104e+02
   3.400000e+09,  0.000000e+00,  -4.681670e+02,  0.000000e+00,  -7.692073e+02,  0.000000e+00,  -7.692073e+02,  0.000000e+00,  -4.712991e+02
   3.450000e+09,  0.000000e+00,  -4.554679e+02,  0.000000e+00,  -7.618294e+02,  0.000000e+00,  -7.618294e+02,  0.000000e+00,  -4.586481e+02
   3.500000e+09,  0.000000e+00,  -4.430163e+02,  0.000000e+00,  -7.547441e+02,  0.000000e+00,  -7.547441e+02,  0.000000e+00,  -4.462446e+02
   3.550000e+09,  0.000000e+00,  -4.308001e+02,  0.000000e+00,  -7.479405e+02,  0.000000e+00,  -7.479405e+02,  0.000000e+00,  -4.340767e+02
   3.600000e+09,  0.000000e+00,  -4.188079e+02,  0.000000e+00,  -7.414084e+02,  0.000000e+00,  -7.414084e+02,  0.000000e+00,  -4.221328e+02
   3.650000e+09,  0.000000e+00,  -4.070288e+02,  0.000000e+00,  -7.351380e+02,  0.000000e+00,  -7.351380e+02,  0.000000e+00,  -4.104022e+02
   3.700000e+09,  0.000000e+00,  -3.954526e+02,  0.000000e+00,  -7.291203e+02,  0.000000e+00,  -7.291203e+02,  0.000000e+00,  -3.988746e+02
   3.750000e+09,  0.000000e+00,  -3.840695e+02,  0.000000e+00,  -7.233469e+02,  0.000000e+00,  -7.233469e+02,  0.000000e+00,  -3.875401e+02
   3.800000e+09,  0.000000e+00,  -3.728700e+02,  0.000000e+00,  -7.178095e+02,  0.000000e+00,  -7.178095e+02,  0.000000e+00,  -3.763894e+02
   3.850000e+09,  0.000000e+00,  -3.618453e+02,  0.000000e+00,  -7.125008e+02,  0.000000e+00,  -7.125008e+02,  0.000000e+00,  -3.654136e+02
   3.900000e+09,  0.000000e+00,  -3.509869e+02,  0.000000e+00,  -7.074134e+02,  0.000000e+00,  -7.074134e+02,  0.000000e+00,  -3.546042e+02
   3.950000e+09,  0.000000e+00,  -3.402866e+02,  0.000000e+00,  -7.025408e+02,  0.000000e+00,  -7.025408e+02,  0.000000e+00,  -3.439531e+02
   4.000000e+09,  0.000000e+00,  -3.297367e+02,  0.000000e+00,  -6.978766e+02,  0.000000e+00,  -6.978766e+02,  0.000000e+00,  -3.334525e+02
   4.050000e+09,  0.000000e+00,  -3.193297e+02,  0.000000e+00,  -6.934147e+02,  0.000000e+00,  -6.934147e+02,  0.000000e+00,  -3.230949e+02
   4.100000e+09,  0.000000e+00,  -3.090585e+02,  0.000000e+00,  -6.891496e+02,  0.000000e+00,  -6.891496e+02,  0.000000e+00,  -3.128732e+02
   4.150000e+09,  0.000000e+00,  -2.989163e+02,  0.000000e+00,  -6.850761e+02,  0.000000e+00,  -6.850761e+02,  0.000000e+00,  -3.027806e+02
   4.200000e+09,  0.000000e+00,  -2.888963e+02,  0.000000e+00,  -6.811890e+02,  0.000000e+00,  -6.811890e+02,  0.000000e+00,  -2.928105e+02
   4.250000e+09,  0.000000e+00,  -2.789924e+02,  0.000000e+00,  -6.774838e+02,  0.000000e+00,  -6.774838e+02,  0.000000e+00,  -2.829565e+02
   4.300000e+09,  0.000000e+00,  -2.691983e+02,  0.000000e+00,  -6.739559e+02,  0.000000e+00,  -6.739559e+02,  0.000000e+00,  -2.732125e+02
   4.350000e+09,  0.000000e+00,  -2.595082e+02,  0.000000e+00,  -6.706014e+02,  0.000000e+00,  -6.706014e+02,  0.000000e+00,  -2.635726e+02
   4.400000e+09,  0.000000e+00,  -2.499164e+02,  0.000000e+00,  -6.674162e+02,  0.000000e+00,  -6.674162e+02,  0.000000e+00,  -2.540311e+02
   4.450000e+09,  0.000000e+00,  -2.404173e+02,  0.000000e+00,  -6.643968e+02,  0.000000e+00,  -6.643968e+02,  0.000000e+00,  -2.445826e+02
   4.500000e+09,  0.000000e+00,  -2.310057e+02,  0.000000e+00,  -6.615396e+02,  0.000000e+00,  -6.615396e+02,  0.000000e+00,  -2.352217e+02
   4.550000e+09,  0.000000e+00,  -2.216764e+02,  0.000000e+00,  -6.588416e+02,  0.000000e+00,  -6.588416e+02,  0.000000e+00,  -2.259432e+02
   4.600000e+09,  0.000000e+00,  -2.124243e+02,  0.000000e+00,  -6.562997e+02,  0.000000e+00,  -6.562997e+02,  0.000000e+00,  -2.167421e+02
   4.650000e+09,  0.000000e+00,  -2.032445e+02,  0.000000e+00,  -6.539112e+02,  0.000000e+00,  -6.539112e+02,  0.000000e+00,  -2.076135e+02
   4.700000e+09,  0.000000e+00,  -1.941324e+02,  0.000000e+00,  -6.516734e+02,  0.000000e+00,  -6.516734e+02,  0.000000e+00,  -1.985527e+02
   4.750000e+09,  0.000000e+00,  -1.850833e+02,  0.000000e+00,  -6.495839e+02,  0.000000e+00,  -6.495839e+02,  0.000000e+00,  -1.895551e+02
   4.800000e+09,  0.000000e+00,  -1.760926e+02,  0.000000e+00,  -6.476406e+02,  0.000000e+00,  -6.476406e+02,  0.000000e+00,  -1.806162e+02
   4.850000e+09,  0.000000e+00,  -1.671560e+02,  0.000000e+00,  -6.458414e+02,  0.000000e+00,  -6.458414e+02,  0.000000e+00,  -1.717315e+02
   4.900000e+09,  0.000000e+00,  -1.582691e+02,  0.000000e+00,  -6.441843e+02,  0.000000e+00,  -6.441843e+02,  0.000000e+00,  -1.628966e+02
   4.950000e+09,  0.000000e+00,  -1.494276e+02,  0.000000e+00,  -6.426677e+02,  0.000000e+00,  -6.426677e+02,  0.000000e+00,  -1.541075e+02
   5.000000e+09,  0.000000e+00,  -1.406275e+02,  0.000000e+00,  -6.412901e+02,  0.000000e+00,  -6.412901e+02,  0.000000e+00,  -1.453598e+02
   5.050000e+09,  0.000000e+00,  -1.318645e+02,  0.000000e+00,  -6.400500e+02,  0.000000e+00,  -6.400500e+02,  0.000000e+00,  -1.366496e+02
   5.100000e+09,  0.000000e+00,  -1.231348e+02,  0.000000e+00,  -6.389462e+02,  0.000000e+00,  -6.389462e+02,  0.000000e+00,  -1.279727e+02
   5.150000e+09,  0.000000e+00,  -1.144342e+02,  0.000000e+00,  -6.379775e+02,  0.000000e+00,  -6.379775e+02,  0.000000e+00,  -1.193252e+02
   5.200000e+09,  0.000000e+00,  -1.057588e+02,  0.000000e+00,  -6.371432e+02,  0.000000e+00,  -6.371432e+02,  0.000000e+00,  -1.107032e+02
   5.250000e+09,  0.000000e+00,  -9.710478e+01,  0.000000e+00,  -6.364422e+02,  0.000000e+00,  -6.364422e+02,  0.000000e+00,  -1.021027e+02
   5.300000e+09,  0.000000e+00,  -8.846824e+01,  0.000000e+00,  -6.358740e+02,  0.000000e+00,  -6.358740e+02,  0.000000e+00,  -9.351996e+01
   5.350000e+09,  0.000000e+00,  -7.984533e+01,  0.000000e+00,  -6.354381e+02,  0.000000e+00,  -6.354381e+02,  0.000000e+00,  -8.495109e+01
   5.400000e+09,  0.000000e+00,  -7.123224e+01,  0.000000e+00,  -6.351340e+02,  0.000000e+00,  -6.351340e+02,  0.000000e+00,  -7.639229e+01
   5.450000e+09,  0.000000e+00,  -6.262516e+01,  0.000000e+00,  -6.349615e+02,  0.000000e+00,  -6.349615e+02,  0.000000e+00,  -6.783975e+01
   5.500000e+09,  0.000000e+00,  -5.402030e+01,  0.000000e+00,  -6.349205e+02,  0.000000e+00,  -6.349205e+02,  0.000000e+00,  -5.928970e+01
   5.550000e+09,  0.000000e+00,  -4.541386e+01,  0.000000e+00,  -6.350111e+02,  0.000000e+00,  -6.350111e+02,  0.000000e+00,  -5.073832e+01
   5.600000e+09,  0.000000e+00,  -3.680203e+01,  0.000000e+00,  -6.352334e+02,  0.000000e+00,  -6.352334e+02,  0.000000e+00,  -4.218185e+01
   5.650000e+09,  0.000000e+00,  -2.818101e+01,  0.000000e+00,  -6.355876e+02,  0.000000e+00,  -6.355876e+02,  0.000000e+00,  -3.361645e+01
   5.700000e+09,  0.000000e+00,  -1.954696e+01,  0.000000e+00,  -6.360743e+02,  0.000000e+00,  -6.360743e+02,  0.000000e+00,  -2.503832e+01
   5.750000e+09,  0.000000e+00,  -1.089603e+01,  0.000000e+00,  -6.366941e+02,  0.000000e+00,  -6.366941e+02,  0.000000e+00,  -1.644361e+01
   5.800000e+09,  0.000000e+00,  -2.224319e+00,  0.000000e+00,  -6.374475e+02,  0.000000e+00,  -6.374475e+02,  0.000000e+00,  -7.828425e+00
   5.850000e+09,  -0.000000e+00,  6.472093e+00,  0.000000e+00,  -6.383357e+02,  0.000000e+00,  -6.383357e+02,  0.000000e+00,  8.111432e-01
   5.900000e+09,  -0.000000e+00,  1.519718e+01,  0.000000e+00,  -6.393594e+02,  0.000000e+00,  -6.393594e+02,  0.000000e+00,  9.479058e+00
   5.950000e+09,  -0.000000e+00,  2.395496e+01,  0.000000e+00,  -6.405199e+02,  0.000000e+00,  -6.405199e+02,  0.000000e+00,  1.817933e+01
   6.000000e+09,  -0.000000e+00,  3.274952e+01,  0.000000e+00,  -6.418186e+02,  0.000000e+00,  -6.418186e+02,  0.000000e+00,  2.691604e+01
   6.050000e+09,  -0.000000e+00,  4.158501e+01,  0.000000e+00,  -6.432568e+02,  0.000000e+00,  -6.432568e+02,  0.000000e+00,  3.569333e+01
   6.100000e+09,  -0.000000e+00,  5.046566e+01,  0.000000e+00,  -6.448362e+02,  0.000000e+00,  -6.448362e+02,  0.000000e+00,  4.451539e+01
   6.150000e+09,  -0.000000e+00,  5.939577e+01,  0.000000e+00,  -6.465587e+02,  0.000000e+00,  -6.465587e+02,  0.000000e+00,  5.338655e+01
   6.200000e+09,  -0.000000e+00,  6.837974e+01,  0.000000e+00,  -6.484261e+02,  0.000000e+00,  -6.484261e+02,  0.000000e+00,  6.231117e+01
   6.250000e+09,  -0.000000e+00,  7.742206e+01,  0.000000e+00,  -6.504406e+02,  0.000000e+00,  -6.504406e+02,  0.000000e+00,  7.129374e+01
   6.300000e+09,  -0.000000e+00,  8.652734e+01,  0.000000e+00,  -6.526045e+02,  0.000000e+00,  -6.526045e+02,  0.000000e+00,  8.033885e+01
   6.350000e+09,  -0.000000e+00,  9.570031e+01,  0.000000e+00,  -6.549204e+02,  0.000000e+00,  -6.549204e+02,  0.000000e+00,  8.945122e+01
   6.400000e+09,  -0.000000e+00,  1.049458e+02,  0.000000e+00,  -6.573909e+02,  0.000000e+00,  -6.573909e+02,  0.000000e+00,  9.863568e+01
   6.450000e+09,  -0.000000e+00,  1.142688e+02,  0.000000e+00,  -6.600189e+02,  0.000000e+00,  -6.600189e+02,  0.000000e+00,  1.078972e+02
   6.500000e+09,  -0.000000e+00,  1.236745e+02,  0.000000e+00,  -6.628075e+02,  0.000000e+00,  -6.628075e+02,  0.000000e+00,  1.172409e+02
   6.550000e+09,  -0.000000e+00,  1.331682e+02,  0.000000e+00,  -6.657601e+02,  0.000000e+00,  -6.657601e+02,  0.000000e+00,  1.266721e+02
   6.600000e+09,  -0.000000e+00,  1.427553e+02,  0.000000e+00,  -6.688803e+02,  0.000000e+00,  -6.688803e+02,  0.000000e+00,  1.361962e+02
   6.650000e+09,  -0.000000e+00,  1.524415e+02,  0.000000e+00,  -6.721717e+02,  0.000000e+00,  -6.721717e+02,  0.000000e+00,  1.458189e+02
   6.700000e+09,  -0.000000e+00,  1.622326e+02,  0.000000e+00,  -6.756386e+02,  0.000000e+00,  -6.756386e+02,  0.000000e+00,  1.555460e+02
   6.750000e+09,  -0.000000e+00,  1.721348e+02,  0.000000e+00,  -6.792851e+02,  0.000000e+00,  -6.792851e+02,  0.000000e+00,  1.653836e+02
   6.800000e+09,  -0.000000e+00,  1.821543e+02,  0.000000e+00,  -6.831159e+02,  0.000000e+00,  -6.831159e+02,  0.000000e+00,  1.753379e+02
   6.850000e+09,  -0.000000e+00,  1.922977e+02,  0.000000e+00,  -6.871360e+02,  0.000000e+00,  -6.871360e+02,  0.000000e+00,  1.854155e+02
   6.900000e+09,  -0.000000e+00,  2.025718e+02,  0.000000e+00,  -6.913504e+02,  0.000000e+00,  -6.913504e+02,  0.000000e+00,  1.956232e+02
   6.950000e+09,  -0.000000e+00,  2.129838e+02,  0.000000e+00,  -6.957647e+02,  0.000000e+00,  -6.957647e+02,  0.000000e+00,  2.059681e+02
   7.000000e+09,  -0.000000e+00,  2.235410e+02,  0.000000e+00,  -7.003848e+02,  0.000000e+00,  -7.003848e+02,  0.000000e+00,  2.164575e+02
   7.050000e+09,  -0.000000e+00,  2.342512e+02,  0.000000e+00,  -7.052170e+02,  0.000000e+00,  -7.052170e+02,  0.000000e+00,  2.270992e+02
   7.100000e+09,  -0.000000e+00,  2.451224e+02,  0.000000e+00,  -7.102678e+02,  0.000000e+00,  -7.102678e+02,  0.000000e+00,  2.379012e+02
   7.150000e+09,  -0.000000e+00,  2.561632e+02,  0.000000e+00,  -7.155443e+02,  0.000000e+00,  -7.155443e+02,  0.000000e+00,  2.488720e+02
   7.200000e+09,  -0.000000e+00,  2.673824e+02,  0.000000e+00,  -7.210540e+02,  0.000000e+00,  -7.210540e+02,  0.000000e+00,  2.600204e+02
   7.250000e+09,  -0.000000e+00,  2.787893e+02,  0.000000e+00,  -7.268049e+02,  0.000000e+00,  -7.268049e+02,  0.000000e+00,  2.713557e+02
   7.300000e+09,  -0.000000e+00,  2.903938e+02,  0.000000e+00,  -7.328054e+02,  0.000000e+00,  -7.328054e+02,  0.000000e+00,  2.828877e+02
   7.350000e+09,  -0.000000e+00,  3.022061e+02,  0.000000e+00,  -7.390645e+02,  0.000000e+00,  -7.390645e+02,  0.000000e+00,  2.946265e+02
   7.400000e+09,  -0.000000e+00,  3.142370e+02,  0.000000e+00,  -7.455918e+02,  0.000000e+00,  -7.455918e+02,  0.000000e+00,  3.065830e+02
   7.450000e+09,  -0.000000e+00,  3.264980e+02,  0.000000e+00,  -7.523974e+02,  0.000000e+00,  -7.523974e+02,  0.000000e+00,  3.187686e+02
   7.500000e+09,  -0.000000e+00,  3.390010e+02,  0.000000e+00,  -7.594922e+02,  0.000000e+00,  -7.594922e+02,  0.000000e+00,  3.311953e+02
   7.550000e+09,  -0.000000e+00,  3.517590e+02,  0.000000e+00,  -7.668876e+02,  0.000000e+00,  -7.668876e+02,  0.000000e+00,  3.438756e+02
   7.600000e+09,  -0.000000e+00,  3.647852e+02,  0.000000e+00,  -7.745960e+02,  0.000000e+00,  -7.745960e+02,  0.000000e+00,  3.568231e+02
   7.650000e+09,  -0.000000e+00,  3.780940e+02,  0.000000e+00,  -7.826305e+02,  0.000000e+00,  -7.826305e+02,  0.000000e+00,  3.700519e+02
   7.700000e+09,  -0.000000e+00,  3.917005e+02,  0.000000e+00,  -7.910049e+02,  0.000000e+00,  -7.910049e+02,  0.000000e+00,  3.835771e+02
   7.750000e+09,  -0.000000e+00,  4.056206e+02,  0.000000e+00,  -7.997343e+02,  0.000000e+00,  -7.997343e+02,  0.000000e+00,  3.974146e+02
   7.800000e+09,  -0.000000e+00,  4.198716e+02,  0.000000e+00,  -8.088345e+02,  0.000000e+00,  -8.088345e+02,  0.000000e+00,  4.115814e+02
   7.850000e+09,  -0.000000e+00,  4.344716e+02,  0.000000e+00,  -8.183226e+02,  0.000000e+00,  -8.183226e+02,  0.000000e+00,  4.260955e+02
   7.900000e+09,  -0.000000e+00,  4.494399e+02,  0.000000e+00,  -8.282166e+02,  0.000000e+00,  -8.282166e+02,  0.000000e+00,  4.409763e+02
   7.950000e+09,  -0.000000e+00,  4.647972e+02,  0.000000e+00,  -8.385362e+02,  0.000000e+00,  -8.385362e+02,  0.000000e+00,  4.562442e+02
   8.000000e+09,  -0.000000e+00,  4.805656e+02,  0.000000e+00,  -8.493021e+02,  0.000000e+00,  -8.493021e+02,  0.000000e+00,  4.719211e+02
   8.050000e+09,  -0.000000e+00,  4.967689e+02,  0.000000e+00,  -8.605366e+02,  0.000000e+00,  -8.605366e+02,  0.000000e+00,  4.880306e+02
   8.100000e+09,  -0.000000e+00,  5.134325e+02,  0.000000e+00,  -8.722638e+02,  0.000000e+00,  -8.722638e+02,  0.000000e+00,  5.045978e+02
   8.150000e+09,  -0.000000e+00,  5.305839e+02,  0.000000e+00,  -8.845093e+02,  0.000000e+00,  -8.845093e+02,  0.000000e+00,  5.216497e+02
   8.200000e+09,  -0.000000e+00,  5.482530e+02,  0.000000e+00,  -8.973005e+02,  0.000000e+00,  -8.973005e+02,  0.000000e+00,  5.392156e+02
   8.250000e+09,  -0.000000e+00,  5.664720e+02,  0.000000e+00,  -9.106668e+02,  0.000000e+00,  -9.106668e+02,  0.000000e+00,  5.573270e+02
   8.300000e+09,  -0.000000e+00,  5.852771e+02,  0.000000e+00,  -9.246392e+02,  0.000000e+00,  -9.246392e+02,  0.000000e+00,  5.760181e+02
   8.350000e+09,  -0.000000e+00,  6.047089e+02,  0.000000e+00,  -9.392500e+02,  0.000000e+00,  -9.392500e+02,  0.000000e+00,  5.953268e+02
   8.400000e+09,  -0.000000e+00,  6.248168e+02,  0.000000e+00,  -9.545308e+02,  0.000000e+00,  -9.545308e+02,  0.000000e+00,  6.152962e+02
   8.450000e+09,  -0.000000e+00,  6.456709e+02,  0.000000e+00,  -9.705055e+02,  0.000000e+00,  -9.705055e+02,  0.000000e+00,  6.359792e+02
   8.500000e+09,  -0.000000e+00,  6.674282e+02,  0.000000e+00,  -9.871487e+02,  0.000000e+00,  -9.871487e+02,  0.000000e+00,  6.574659e+02
   8.550000e+09,  -0.000000e+00,  6.915720e+02,  0.000000e+00,  -1.003606e+03,  0.000000e+00,  -1.003606e+03,  0.000000e+00,  6.803750e+02
   8.600000e+09,  -0.000000e+00,  7.109400e+02,  0.000000e+00,  -1.024478e+03,  0.000000e+00,  -1.024478e+03,  0.000000e+00,  7.018938e+02
   8.650000e+09,  -0.000000e+00,  7.357333e+02,  0.000000e+00,  -1.043432e+03,  0.000000e+00,  -1.043432e+03,  0.000000e+00,  7.261101e+02
   8.700000e+09,  -0.000000e+00,  7.609235e+02,  0.000000e+00,  -1.063739e+03,  0.000000e+00,  -1.063739e+03,  0.000000e+00,  7.510646e+02
   8.750000e+09,  -0.000000e+00,  7.870496e+02,  0.000000e+00,  -1.085175e+03,  0.000000e+00,  -1.085175e+03,  0.000000e+00,  7.770139e+02
   8.800000e+09,  -0.000000e+00,  8.142554e+02,  0.000000e+00,  -1.107774e+03,  0.000000e+00,  -1.107774e+03,  0.000000e+00,  8.040612e+02
   8.850000e+09,  -0.000000e+00,  8.426454e+02,  0.000000e+00,  -1.131608e+03,  0.000000e+00,  -1.131608e+03,  0.000000e+00,  8.322989e+02
   8.900000e+09,  -0.000000e+00,  8.723209e+02,  0.000000e+00,  -1.156763e+03,  0.000000e+00,  -1.156763e+03,  0.000000e+00,  8.618233e+02
   8.950000e+09,  -0.000000e+00,  9.033887e+02,  0.000000e+00,  -1.183341e+03,  0.000000e+00,  -1.183341e+03,  0.000000e+00,  8.927386e+02
   9.000000e+09,  -0.000000e+00,  9.359652e+02,  0.000000e+00,  -1.211454e+03,  0.000000e+00,  -1.211454e+03,  0.000000e+00,  9.251596e+02
   9.050000e+09,  -0.000000e+00,  9.701786e+02,  0.000000e+00,  -1.241226e+03,  0.000000e+00,  -1.241226e+03,  0.000000e+00,  9.592133e+02
   9.100000e+09,  -0.000000e+00,  1.006171e+03,  0.000000e+00,  -1.272798e+03,  0.000000e+00,  -1.272798e+03,  0.000000e+00,  9.950408e+02
   9.150000e+09,  -0.000000e+00,  1.044100e+03,  0.000000e+00,  -1.306326e+03,  0.000000e+00,  -1.306326e+03,  0.000000e+00,  1.032800e+03
   9.200000e+09,  -0.000000e+00,  1.084144e+03,  0.000000e+00,  -1.341986e+03,  0.000000e+00,  -1.341986e+03,  0.000000e+00,  1.072666e+03
   9.250000e+09,  -0.000000e+00,  1.126502e+03,  0.000000e+00,  -1.379977e+03,  0.000000e+00,  -1.379977e+03,  0.000000e+00,  1.114838e+03
   9.300000e+09,  -0.000000e+00,  1.171397e+03,  0.000000e+00,  -1.420521e+03,  0.000000e+00,  -1.420521e+03,  0.000000e+00,  1.159541e+03
   9.350000e+09,  -0.000000e+00,  1.219085e+03,  0.000000e+00,  -1.463871e+03,  0.000000e+00,  -1.463871e+03,  0.000000e+00,  1.207026e+03
   9.400000e+09,  -0.000000e+00,  1.269854e+03,  0.000000e+00,  -1.510315e+03,  0.000000e+00,  -1.510315e+03,  0.000000e+00,  1.257582e+03
   9.450000e+09,  -0.000000e+00,  1.324035e+03,  0.000000e+00,  -1.560182e+03,  0.000000e+00,  -1.560182e+03,  0.000000e+00,  1.311538e+03
   9.500000e+09,  -0.000000e+00,  1.382006e+03,  0.000000e+00,  -1.613850e+03,  0.000000e+00,  -1.613850e+03,  0.000000e+00,  1.369271e+03
   9.550000e+09,  -0.000000e+00,  1.444204e+03,  0.000000e+00,  -1.671754e+03,  0.000000e+00,  -1.671754e+03,  0.000000e+00,  1.431217e+03
   9.600000e+09,  -0.000000e+00,  1.511135e+03,  0.000000e+00,  -1.734398e+03,  0.000000e+00,  -1.734398e+03,  0.000000e+00,  1.497879e+03
   9.650000e+09,  -0.000000e+00,  1.583389e+03,  0.000000e+00,  -1.802370e+03,  0.000000e+00,  -1.802370e+03,  0.000000e+00,  1.569847e+03
   9.700000e+09,  -0.000000e+00,  1.661658e+03,  0.000000e+00,  -1.876362e+03,  0.000000e+00,  -1.876362e+03,  0.000000e+00,  1.647809e+03
   9.750000e+09,  -0.000000e+00,  1.746759e+03,  0.000000e+00,  -1.957188e+03,  0.000000e+00,  -1.957188e+03,  0.000000e+00,  1.732579e+03
   9.800000e+09,  -0.000000e+00,  1.839664e+03,  0.000000e+00,  -2.045818e+03,  0.000000e+00,  -2.045818e+03,  0.000000e+00,  1.825126e+03
   9.850000e+09,  -0.000000e+00,  1.941538e+03,  0.000000e+00,  -2.143413e+03,  0.000000e+00,  -2.143413e+03,  0.000000e+00,  1.926612e+03
   9.900000e+09,  -0.000000e+00,  2.053789e+03,  0.000000e+00,  -2.251380e+03,  0.000000e+00,  -2.251380e+03,  0.000000e+00,  2.038439e+03
   9.950000e+09,  -0.000000e+00,  2.178136e+03,  0.000000e+00,  -2.371435e+03,  0.000000e+00,  -2.371435e+03,  0.000000e+00,  2.162320e+03
   1.000000e+10,  -0.000000e+00,  2.316701e+03,  0.000000e+00,  -2.505693e+03,  0.000000e+00,  -2.505693e+03,  0.000000e+00,  2.300371e+03
