746 2
0 32
0 197
0 212
1 33
1 196
1 213
2 3
2 108
2 168
3 98
3 114
4 5
4 112
4 174
5 95
5 122
6 7
6 123
6 164
7 103
7 127
8 11
8 119
8 181
9 10
9 126
9 166
10 102
10 132
11 91
11 130
12 13
12 131
12 169
13 101
13 137
14 15
14 136
14 172
15 100
15 141
16 19
16 133
16 187
17 18
17 142
17 175
18 97
18 146
19 87
19 145
20 21
20 147
20 178
21 96
21 151
22 23
22 152
22 180
23 94
23 156
24 25
24 155
24 184
25 92
25 160
26 27
26 159
26 186
27 90
27 162
28 29
28 161
28 190
29 89
29 163
30 31
30 83
30 109
31 85
31 139
32 204
32 211
33 206
33 209
34 74
34 150
35 76
35 118
36 72
36 189
37 73
37 191
38 75
38 188
39 77
39 183
40 78
40 185
41 79
41 182
42 80
42 179
43 81
43 177
44 82
44 176
45 84
45 173
46 86
46 171
47 88
47 170
48 93
48 167
49 99
49 165
50 104
50 105
51 106
51 107
52 110
52 111
53 113
53 115
54 116
54 117
55 120
55 121
56 124
56 125
57 128
57 129
58 134
58 135
59 138
59 140
60 143
60 144
61 148
61 149
62 153
62 154
63 157
63 158
64 68
64 210
65 69
65 208
66 192
66 207
67 193
67 205
68 197
68 216
69 196
69 217
70 264
70 270
71 265
71 271
72 87
72 232
73 89
73 237
74 83
74 250
75 90
75 238
76 85
76 263
77 91
77 233
78 92
78 241
79 94
79 242
80 96
80 243
81 95
81 234
82 97
82 245
83 145
84 100
84 246
85 163
86 98
86 235
87 109
88 101
88 248
89 139
90 190
91 187
92 186
93 102
93 249
94 184
95 181
96 180
97 178
98 174
99 103
99 251
100 175
101 172
102 169
103 166
104 108
104 236
105 114
105 240
106 112
106 240
107 122
107 244
108 211
109 118
110 119
110 244
111 130
111 247
112 114
113 133
113 247
115 145
115 250
116 123
116 252
117 127
117 254
118 232
119 122
120 126
120 254
121 132
121 255
123 209
124 137
124 256
125 131
125 255
126 127
128 136
128 256
129 141
129 257
130 133
131 132
134 146
134 258
135 142
135 257
136 137
138 147
138 258
139 150
140 151
140 259
141 142
143 152
143 259
144 156
144 260
146 147
148 155
148 260
149 160
149 261
150 237
151 152
153 159
153 261
154 162
154 262
155 156
157 161
157 262
158 163
158 263
159 160
161 162
164 165
164 206
165 253
166 167
167 251
168 171
168 204
169 170
170 249
171 239
172 173
173 248
174 177
175 176
176 246
177 235
178 179
179 245
180 182
181 183
182 243
183 234
184 185
185 242
186 188
187 189
188 241
189 233
190 191
191 238
192 202
192 213
193 203
193 212
194 202
194 231
194 273
195 203
195 230
195 272
196 223
197 222
198 200
198 222
198 264
199 201
199 223
199 265
200 214
200 230
201 215
201 231
204 205
205 239
206 207
207 253
208 209
208 252
210 211
210 236
212 230
213 231
214 220
214 228
215 221
215 229
216 226
217 227
218 227
218 269
219 226
219 268
220 272
220 274
221 273
221 275
222 266
223 267
224 273
224 275
225 272
225 274
226 266
227 267
228 264
229 265
266 270
267 271
268 270
269 271
276 308
276 473
276 488
277 309
277 472
277 489
278 279
278 384
278 444
279 374
279 390
280 281
280 388
280 450
281 371
281 398
282 283
282 399
282 440
283 379
283 402
284 287
284 395
284 457
285 286
285 403
285 442
286 378
286 408
287 367
287 406
288 289
288 407
288 445
289 377
289 413
290 291
290 412
290 448
291 376
291 417
292 295
292 409
292 463
293 294
293 418
293 451
294 373
294 422
295 363
295 421
296 297
296 423
296 454
297 372
297 428
298 299
298 427
298 456
299 370
299 432
300 301
300 431
300 460
301 368
301 436
302 303
302 435
302 462
303 366
303 438
304 305
304 437
304 466
305 365
305 439
306 307
306 359
306 385
307 361
307 414
308 480
308 487
309 482
309 485
310 350
310 426
311 352
311 394
312 348
312 465
313 349
313 467
314 351
314 464
315 353
315 459
316 354
316 461
317 355
317 458
318 356
318 455
319 357
319 453
320 358
320 452
321 360
321 449
322 362
322 447
323 364
323 446
324 369
324 443
325 375
325 441
326 380
326 381
327 382
327 383
328 386
328 387
329 389
329 391
330 392
330 393
331 396
331 397
332 400
332 401
333 404
333 405
334 410
334 411
335 415
335 416
336 419
336 420
337 424
337 425
338 429
338 430
339 433
339 434
340 344
340 486
341 345
341 484
342 468
342 483
343 469
343 481
344 473
344 492
345 472
345 493
346 540
346 546
347 541
347 547
348 363
348 508
349 365
349 513
350 359
350 526
351 366
351 514
352 361
352 539
353 367
353 509
354 368
354 517
355 370
355 518
356 372
356 519
357 371
357 510
358 373
358 521
359 421
360 376
360 522
361 439
362 374
362 511
363 385
364 377
364 524
365 414
366 466
367 463
368 462
369 378
369 525
370 460
371 457
372 456
373 454
374 450
375 379
375 527
376 451
377 448
378 445
379 442
380 384
380 512
381 390
381 516
382 388
382 516
383 398
383 520
384 487
385 394
386 395
386 520
387 406
387 523
388 390
389 409
389 523
391 421
391 526
392 399
392 528
393 402
393 530
394 508
395 398
396 403
396 530
397 408
397 531
399 485
400 413
400 532
401 407
401 531
402 403
404 412
404 532
405 417
405 533
406 409
407 408
410 422
410 534
411 418
411 533
412 413
414 426
415 423
415 534
416 428
416 535
417 418
419 427
419 535
420 432
420 536
422 423
424 431
424 536
425 436
425 537
426 513
427 428
429 435
429 537
430 438
430 538
431 432
433 437
433 538
434 439
434 539
435 436
437 438
440 441
440 482
441 529
442 443
443 527
444 447
444 480
445 446
446 525
447 515
448 449
449 524
450 453
451 452
452 522
453 511
454 455
455 521
456 458
457 459
458 519
459 510
460 461
461 518
462 464
463 465
464 517
465 509
466 467
467 514
468 478
468 489
469 479
469 488
470 478
470 507
470 549
471 479
471 506
471 548
472 499
473 498
474 476
474 498
474 540
475 477
475 499
475 541
476 490
476 506
477 491
477 507
480 481
481 515
482 483
483 529
484 485
484 528
486 487
486 512
488 506
489 507
490 496
490 504
491 497
491 505
492 502
493 503
494 503
494 545
495 502
495 544
496 548
496 550
497 549
497 551
498 542
499 543
500 549
500 551
501 548
501 550
502 542
503 543
504 540
505 541
542 546
543 547
544 546
545 547
