336 2
0 1
0 32
1 36
2 17
2 32
3 23
3 37
4 28
4 31
5 29
5 30
6 9
6 10
6 26
7 21
7 24
8 22
8 25
9 25
9 42
10 24
10 45
11 29
11 30
12 28
12 31
13 33
13 34
14 35
14 36
15 23
15 37
16 17
16 32
17 37
18 38
18 40
19 33
19 34
20 35
20 36
21 34
21 45
22 35
22 42
23 31
24 25
26 43
26 46
27 47
27 48
28 30
33 40
38 39
39 40
39 79
41 43
41 47
43 46
44 46
44 48
47 48
49 67
49 69
50 67
50 69
51 68
51 70
52 68
52 70
53 71
53 72
54 71
54 72
55 73
55 74
56 73
56 74
57 75
57 76
58 75
58 76
59 77
59 78
60 77
60 78
61 79
61 80
62 79
62 80
63 81
63 82
64 81
64 82
65 83
65 84
66 83
66 84
67 124
68 72
69 70
71 74
73 76
75 84
77 80
78 81
82 83
85 86
85 117
86 120
87 102
87 117
88 108
88 122
89 113
89 116
90 114
90 115
91 94
91 95
91 112
92 107
92 109
93 106
93 110
94 109
94 130
95 110
95 132
96 114
96 115
97 113
97 116
98 118
98 119
99 120
99 121
100 108
100 122
101 102
101 117
102 122
103 123
103 125
104 118
104 119
105 120
105 121
106 119
106 132
107 121
107 130
108 116
109 110
111 127
111 129
112 131
112 133
113 115
118 125
123 124
124 125
126 127
126 131
127 129
128 129
128 133
131 133
134 135
134 166
135 169
136 151
136 166
137 157
137 171
138 162
138 165
139 163
139 164
140 143
140 144
140 160
141 156
141 158
142 155
142 159
143 158
143 176
144 159
144 181
145 163
145 164
146 162
146 165
147 167
147 168
148 169
148 170
149 157
149 171
150 151
150 166
151 171
152 172
152 174
153 167
153 168
154 169
154 170
155 168
155 181
156 170
156 176
157 165
158 159
160 177
160 182
161 178
161 180
162 164
167 174
172 173
173 174
173 259
175 177
175 178
177 182
178 180
179 180
179 182
183 184
183 215
184 219
185 200
185 215
186 206
186 220
187 211
187 214
188 212
188 213
189 192
189 193
189 209
190 204
190 208
191 205
191 207
192 207
192 225
193 208
193 230
194 212
194 213
195 211
195 214
196 216
196 217
197 218
197 219
198 206
198 220
199 200
199 215
200 220
201 222
201 223
202 216
202 217
203 218
203 219
204 218
204 230
205 217
205 225
206 214
207 208
209 226
209 231
210 227
210 229
211 213
216 223
221 222
221 223
221 260
224 226
224 227
226 231
227 229
228 229
228 231
232 256
232 262
233 254
233 264
234 250
234 267
235 257
235 259
236 258
236 260
237 255
237 261
238 251
238 265
239 252
239 266
240 255
240 261
241 253
241 263
242 253
242 263
243 257
243 259
244 258
244 260
245 252
245 266
246 251
246 265
247 256
247 262
248 250
248 267
249 254
249 264
250 251
252 267
253 266
254 255
256 257
258 261
262 263
264 265
