   1.090000e+09,  -7.792464e+00,  -1.799220e+01,  -7.894945e-01,  7.200896e+01,  -7.897566e-01,  7.200896e+01,  -7.792464e+00,  -1.798987e+01
   1.180000e+09,  -7.126381e+00,  -2.743672e+01,  -9.354386e-01,  6.256432e+01,  -9.357445e-01,  6.256432e+01,  -7.126381e+00,  -2.743465e+01
   1.270000e+09,  -6.482972e+00,  -3.706497e+01,  -1.105415e+00,  5.293588e+01,  -1.105768e+00,  5.293588e+01,  -6.482972e+00,  -3.706328e+01
   1.360000e+09,  -5.853922e+00,  -4.690160e+01,  -1.306198e+00,  4.309900e+01,  -1.306600e+00,  4.309900e+01,  -5.853922e+00,  -4.690039e+01
   1.450000e+09,  -5.234496e+00,  -5.696734e+01,  -1.546348e+00,  3.303297e+01,  -1.546803e+00,  3.303297e+01,  -5.234496e+00,  -5.696673e+01
   1.540000e+09,  -4.623651e+00,  -6.727587e+01,  -1.836362e+00,  2.272409e+01,  -1.836872e+00,  2.272409e+01,  -4.623651e+00,  -6.727595e+01
   1.630000e+09,  -4.024042e+00,  -7.782985e+01,  -2.188696e+00,  1.216973e+01,  -2.189263e+00,  1.216973e+01,  -4.024042e+00,  -7.783070e+01
   1.720000e+09,  -3.441732e+00,  -8.861640e+01,  -2.617567e+00,  1.382761e+00,  -2.618193e+00,  1.382761e+00,  -3.441732e+00,  -8.861808e+01
   1.810000e+09,  -2.885483e+00,  -9.960287e+01,  -3.138467e+00,  -9.604148e+00,  -3.139154e+00,  -9.604148e+00,  -2.885483e+00,  -9.960543e+01
   1.900000e+09,  -2.365547e+00,  -1.107342e+02,  -3.767372e+00,  -2.073588e+01,  -3.768121e+00,  -2.073588e+01,  -2.365547e+00,  -1.107376e+02
   1.990000e+09,  -1.892076e+00,  -1.219330e+02,  -4.519797e+00,  -3.193521e+01,  -4.520609e+00,  -3.193521e+01,  -1.892076e+00,  -1.219374e+02
   2.080000e+09,  -1.473437e+00,  -1.331048e+02,  -5.410000e+00,  -4.310741e+01,  -5.410874e+00,  -4.310741e+01,  -1.473437e+00,  -1.331100e+02
   2.170000e+09,  -1.114827e+00,  -1.441459e+02,  -6.450795e+00,  -5.414895e+01,  -6.451731e+00,  -5.414895e+01,  -1.114827e+00,  -1.441520e+02
   2.260000e+09,  -8.175705e-01,  -1.549553e+02,  -7.654468e+00,  -6.495874e+01,  -7.655462e+00,  -6.495874e+01,  -8.175705e-01,  -1.549621e+02
   2.350000e+09,  -5.792363e-01,  -1.654454e+02,  -9.035161e+00,  -7.544917e+01,  -9.036209e+00,  -7.544917e+01,  -5.792363e-01,  -1.654529e+02
   2.440000e+09,  -3.944544e-01,  -1.755503e+02,  -1.061306e+01,  -8.555440e+01,  -1.061416e+01,  -8.555440e+01,  -3.944544e-01,  -1.755585e+02
   2.530000e+09,  -2.560818e-01,  1.747696e+02,  -1.242091e+01,  -9.523476e+01,  -1.242203e+01,  -9.523476e+01,  -2.560818e-01,  1.747609e+02
   2.620000e+09,  -1.563697e-01,  1.655262e+02,  -1.451371e+01,  -1.044785e+02,  -1.451482e+01,  -1.044785e+02,  -1.563697e-01,  1.655169e+02
   2.710000e+09,  -8.789945e-02,  1.566998e+02,  -1.698135e+01,  -1.133051e+02,  -1.698236e+01,  -1.133051e+02,  -8.789945e-02,  1.566900e+02
   2.800000e+09,  -4.428327e-02,  1.482164e+02,  -1.993721e+01,  -1.217886e+02,  -1.993793e+01,  -1.217886e+02,  -4.428327e-02,  1.482064e+02
   2.890000e+09,  -2.163509e-02,  1.397496e+02,  -2.303725e+01,  -1.302553e+02,  -2.303689e+01,  -1.302553e+02,  -2.163509e-02,  1.397397e+02
   2.980000e+09,  -6.066710e-01,  1.553325e+02,  -8.849903e+00,  6.531725e+01,  -8.846329e+00,  6.531725e+01,  -6.066710e-01,  1.553020e+02
   3.070000e+09,  -6.488459e-03,  1.272318e+02,  -2.825939e+01,  3.722556e+01,  -2.825995e+01,  3.722556e+01,  -6.488459e-03,  1.272193e+02
   3.160000e+09,  -1.667238e-02,  1.198445e+02,  -2.416523e+01,  2.983837e+01,  -2.416717e+01,  2.983837e+01,  -1.667238e-02,  1.198322e+02
   3.250000e+09,  -3.479964e-02,  1.130377e+02,  -2.097836e+01,  2.303149e+01,  -2.098061e+01,  2.303149e+01,  -3.479964e-02,  1.130252e+02
   3.340000e+09,  -6.014900e-02,  1.065204e+02,  -1.861440e+01,  1.651404e+01,  -1.861680e+01,  1.651404e+01,  -6.014900e-02,  1.065077e+02
   3.430000e+09,  -9.289788e-02,  1.001945e+02,  -1.674290e+01,  1.018799e+01,  -1.674540e+01,  1.018799e+01,  -9.289788e-02,  1.001815e+02
   3.520000e+09,  -1.339771e-01,  9.399296e+01,  -1.517305e+01,  3.986337e+00,  -1.517565e+01,  3.986337e+00,  -1.339771e-01,  9.397971e+01
   3.610000e+09,  -1.851937e-01,  8.785456e+01,  -1.379250e+01,  -2.152214e+00,  -1.379520e+01,  -2.152214e+00,  -1.851937e-01,  8.784102e+01
   3.700000e+09,  -2.494855e-01,  8.171552e+01,  -1.253014e+01,  -8.291410e+00,  -1.253293e+01,  -8.291410e+00,  -2.494855e-01,  8.170167e+01
   3.790000e+09,  -3.313695e-01,  7.550475e+01,  -1.133791e+01,  -1.450235e+01,  -1.134079e+01,  -1.450235e+01,  -3.313695e-01,  7.549055e+01
   3.880000e+09,  -4.377028e-01,  6.913909e+01,  -1.018158e+01,  -2.086820e+01,  -1.018455e+01,  -2.086820e+01,  -4.377028e-01,  6.912451e+01
   3.970000e+09,  -5.789683e-01,  6.251778e+01,  -9.036035e+00,  -2.748974e+01,  -9.039092e+00,  -2.748974e+01,  -5.789683e-01,  6.250275e+01
   4.060000e+09,  -7.714704e-01,  5.551548e+01,  -7.883103e+00,  -3.449231e+01,  -7.886251e+00,  -3.449231e+01,  -7.714704e-01,  5.549991e+01
   4.150000e+09,  -1.041149e+00,  4.797403e+01,  -6.711276e+00,  -4.203407e+01,  -6.714513e+00,  -4.203407e+01,  -1.041149e+00,  4.795783e+01
   4.240000e+09,  -1.430333e+00,  3.969436e+01,  -5.517365e+00,  -5.031414e+01,  -5.520690e+00,  -5.031414e+01,  -1.430333e+00,  3.967736e+01
   4.330000e+09,  -2.009920e+00,  3.043358e+01,  -4.310619e+00,  -5.957545e+01,  -4.314032e+00,  -5.957545e+01,  -2.009920e+00,  3.041553e+01
   4.420000e+09,  -2.901787e+00,  1.992075e+01,  -3.119845e+00,  -7.008900e+01,  -3.123343e+00,  -7.008900e+01,  -2.901787e+00,  1.990124e+01
   4.510000e+09,  -4.322056e+00,  7.918026e+00,  -2.002413e+00,  -8.209283e+01,  -2.005995e+00,  -8.209283e+01,  -4.322056e+00,  7.896314e+00
   4.600000e+09,  -6.679069e+00,  -5.640663e+00,  -1.048527e+00,  -9.565344e+01,  -1.052189e+00,  -9.565344e+01,  -6.679069e+00,  -5.666227e+00
   4.690000e+09,  -1.090889e+01,  -2.045248e+01,  -3.655262e-01,  -1.104697e+02,  -3.692673e-01,  -1.104697e+02,  -1.090889e+01,  -2.048692e+01
   4.780000e+09,  -2.115316e+01,  -3.574206e+01,  -3.152167e-02,  -1.257830e+02,  -3.533867e-02,  -1.257830e+02,  -2.115316e+01,  -3.582398e+01
   4.870000e+09,  -1.968179e+01,  1.293716e+02,  -4.503931e-02,  -1.406079e+02,  -4.892910e-02,  -1.406079e+02,  -1.968179e+01,  1.294126e+02
   4.960000e+09,  -1.141198e+01,  1.158260e+02,  -3.236829e-01,  -1.541714e+02,  -3.276422e-01,  -1.541714e+02,  -1.141198e+01,  1.158312e+02
   5.050000e+09,  -7.968696e+00,  1.038438e+02,  -7.533122e-01,  -1.661576e+02,  -7.573373e-01,  -1.661576e+02,  -7.968696e+00,  1.038410e+02
   5.140000e+09,  -6.057200e+00,  9.337648e+01,  -1.235212e+00,  -1.766269e+02,  -1.239299e+00,  -1.766269e+02,  -6.057200e+00,  9.336980e+01
   5.230000e+09,  -4.885727e+00,  8.418433e+01,  -1.702696e+00,  1.741798e+02,  -1.706841e+00,  1.741798e+02,  -4.885727e+00,  8.417524e+01
   5.320000e+09,  -4.132866e+00,  7.598762e+01,  -2.117010e+00,  1.659822e+02,  -2.121208e+00,  1.659822e+02,  -4.132866e+00,  7.597673e+01
   5.410000e+09,  -3.640461e+00,  6.853041e+01,  -2.457972e+00,  1.585242e+02,  -2.462219e+00,  1.585242e+02,  -3.640461e+00,  6.851798e+01
   5.500000e+09,  -3.323250e+00,  6.159699e+01,  -2.716248e+00,  1.515901e+02,  -2.720538e+00,  1.515901e+02,  -3.323250e+00,  6.158316e+01
   5.590000e+09,  -3.133397e+00,  5.500879e+01,  -2.888432e+00,  1.450012e+02,  -2.892761e+00,  1.450012e+02,  -3.133397e+00,  5.499356e+01
   5.680000e+09,  -3.044398e+00,  4.861543e+01,  -2.974287e+00,  1.386071e+02,  -2.978648e+00,  1.386071e+02,  -3.044398e+00,  4.859876e+01
   5.770000e+09,  -3.043296e+00,  4.228548e+01,  -2.975360e+00,  1.322764e+02,  -2.979746e+00,  1.322764e+02,  -3.043296e+00,  4.226723e+01
   5.860000e+09,  -3.126989e+00,  3.589852e+01,  -2.894461e+00,  1.258885e+02,  -2.898867e+00,  1.258885e+02,  -3.126989e+00,  3.587848e+01
   5.950000e+09,  -3.300911e+00,  2.933890e+01,  -2.735712e+00,  1.193278e+02,  -2.740131e+00,  1.193278e+02,  -3.300911e+00,  2.931679e+01
   6.040000e+09,  -3.579362e+00,  2.249152e+01,  -2.505025e+00,  1.124792e+02,  -2.509450e+00,  1.124792e+02,  -3.579362e+00,  2.246692e+01
   6.130000e+09,  -3.987374e+00,  1.524003e+01,  -2.210969e+00,  1.052262e+02,  -2.215391e+00,  1.052262e+02,  -3.987374e+00,  1.521235e+01
   6.220000e+09,  -4.564368e+00,  7.468790e+00,  -1.865944e+00,  9.745299e+01,  -1.870357e+00,  9.745299e+01,  -4.564368e+00,  7.437183e+00
   6.310000e+09,  -5.370433e+00,  -9.294318e-01,  -1.487504e+00,  8.905214e+01,  -1.491897e+00,  8.905214e+01,  -5.370433e+00,  -9.662865e-01
   6.400000e+09,  -6.497142e+00,  -1.003791e+01,  -1.099309e+00,  7.993998e+01,  -1.103674e+00,  7.993998e+01,  -6.497142e+00,  -1.008214e+01
   6.490000e+09,  -8.088378e+00,  -1.989185e+01,  -7.307951e-01,  7.008048e+01,  -7.351211e-01,  7.008048e+01,  -8.088378e+00,  -1.994720e+01
   6.580000e+09,  -1.038939e+01,  -3.045029e+01,  -4.142496e-01,  5.951270e+01,  -4.185260e-01,  5.951270e+01,  -1.038939e+01,  -3.052431e+01
   6.670000e+09,  -1.390032e+01,  -4.157620e+01,  -1.785065e-01,  4.836799e+01,  -1.827214e-01,  4.836799e+01,  -1.390032e+01,  -4.168782e+01
   6.760000e+09,  -2.011554e+01,  -5.302973e+01,  -4.042625e-02,  3.685786e+01,  -4.456674e-02,  3.685786e+01,  -2.011554e+01,  -5.325455e+01
   6.850000e+09,  -6.306623e+01,  -4.939584e+01,  2.023831e-03,  2.522260e+01,  -2.028119e-03,  2.522260e+01,  -6.306623e+01,  -8.015896e+01
   6.940000e+09,  -2.146296e+01,  1.035366e+02,  -2.914641e-02,  1.365556e+01,  -3.309415e-02,  1.365556e+01,  -2.146296e+01,  1.037745e+02
   7.030000e+09,  -1.644745e+01,  9.217348e+01,  -9.762915e-02,  2.235106e+00,  -1.014552e-01,  2.235106e+00,  -1.644745e+01,  9.229673e+01
   7.120000e+09,  -1.430864e+01,  8.084245e+01,  -1.622540e-01,  -9.113970e+00,  -1.659386e-01,  -9.113970e+00,  -1.430864e+01,  8.092961e+01
   7.210000e+09,  -1.371600e+01,  6.932925e+01,  -1.868567e-01,  -2.063471e+01,  -1.903772e-01,  -2.063471e+01,  -1.371600e+01,  6.940133e+01
   7.300000e+09,  -1.462432e+01,  5.721940e+01,  -1.507223e-01,  -3.274622e+01,  -1.540529e-01,  -3.274622e+01,  -1.462432e+01,  5.728816e+01
   7.390000e+09,  -1.821712e+01,  4.390773e+01,  -6.441814e-02,  -4.604983e+01,  -6.752803e-02,  -4.604983e+01,  -1.821712e+01,  4.399262e+01
   7.480000e+09,  -4.355545e+01,  2.814294e+01,  1.234789e-03,  -6.127943e+01,  -1.617859e-03,  -6.127943e+01,  -4.355545e+01,  2.929821e+01
   7.570000e+09,  -1.543430e+01,  -1.690063e+02,  -1.248037e-01,  -7.901925e+01,  -1.273546e-01,  -7.901925e+01,  -1.543430e+01,  -1.690322e+02
   7.660000e+09,  -8.210305e+00,  1.710204e+02,  -7.098129e-01,  -9.898050e+01,  -7.120067e-01,  -9.898050e+01,  -8.210305e+00,  1.710187e+02
   7.750000e+09,  -4.395083e+00,  1.506242e+02,  -1.961060e+00,  -1.193733e+02,  -1.962826e+00,  -1.193733e+02,  -4.395083e+00,  1.506291e+02
   7.840000e+09,  -2.330039e+00,  1.321676e+02,  -3.816645e+00,  -1.378286e+02,  -3.817891e+00,  -1.378286e+02,  -2.330039e+00,  1.321752e+02
   7.930000e+09,  -1.254272e+00,  1.168646e+02,  -6.005678e+00,  -1.531309e+02,  -6.006280e+00,  -1.531309e+02,  -1.254272e+00,  1.168736e+02
   8.020000e+09,  -7.011709e-01,  1.045692e+02,  -8.265581e+00,  -1.654257e+02,  -8.265367e+00,  -1.654257e+02,  -7.011709e-01,  1.045794e+02
   8.110000e+09,  -4.141676e-01,  9.457920e+01,  -1.041216e+01,  -1.754150e+02,  -1.041088e+01,  -1.754150e+02,  -4.141676e-01,  9.459077e+01
   8.200000e+09,  -2.657321e-01,  8.613264e+01,  -1.226695e+01,  1.761396e+02,  -1.226424e+01,  1.761396e+02,  -2.657321e-01,  8.614649e+01
   8.290000e+09,  -2.000934e-01,  7.839318e+01,  -1.346752e+01,  1.684025e+02,  -1.346284e+01,  1.684025e+02,  -2.000934e-01,  7.841176e+01
   8.380000e+09,  -2.367667e-01,  6.938652e+01,  -1.275617e+01,  1.594030e+02,  -1.274880e+01,  1.594030e+02,  -2.367667e-01,  6.941955e+01
   8.470000e+09,  -8.596952e+00,  7.507393e+00,  -6.508511e-01,  9.780344e+01,  -6.403676e-01,  9.780344e+01,  -8.596952e+00,  8.099492e+00
   8.560000e+09,  -3.319557e-02,  7.515398e+01,  -2.118922e+01,  -1.486244e+01,  -2.117804e+01,  -1.486244e+01,  -3.319557e-02,  7.512113e+01
   8.650000e+09,  -5.947507e-03,  6.706036e+01,  -2.863986e+01,  -2.294754e+01,  -2.863508e+01,  -2.294754e+01,  -5.947507e-03,  6.704456e+01
   8.740000e+09,  -4.518530e-03,  6.207505e+01,  -2.982859e+01,  -2.793030e+01,  -2.983167e+01,  -2.793030e+01,  -4.518530e-03,  6.206434e+01
   8.830000e+09,  -5.970230e-03,  5.800133e+01,  -2.861757e+01,  -3.200292e+01,  -2.862426e+01,  -3.200292e+01,  -5.970230e-03,  5.799282e+01
   8.920000e+09,  -8.842677e-03,  5.437417e+01,  -2.691259e+01,  -3.562956e+01,  -2.692026e+01,  -3.562956e+01,  -8.842677e-03,  5.436670e+01
   9.010000e+09,  -1.299329e-02,  5.101178e+01,  -2.524330e+01,  -3.899173e+01,  -2.525099e+01,  -3.899173e+01,  -1.299329e-02,  5.100476e+01
   9.100000e+09,  -1.856091e-02,  4.781438e+01,  -2.369744e+01,  -4.218910e+01,  -2.370482e+01,  -4.218910e+01,  -1.856091e-02,  4.780743e+01
   9.190000e+09,  -2.589055e-02,  4.471253e+01,  -2.225588e+01,  -4.529104e+01,  -2.226286e+01,  -4.529104e+01,  -2.589055e-02,  4.470538e+01
   9.280000e+09,  -3.558804e-02,  4.164806e+01,  -2.087931e+01,  -4.835573e+01,  -2.088586e+01,  -4.835573e+01,  -3.558804e-02,  4.164049e+01
   9.370000e+09,  -4.865116e-02,  3.856386e+01,  -1.952814e+01,  -5.144025e+01,  -1.953429e+01,  -5.144025e+01,  -4.865116e-02,  3.855565e+01
   9.460000e+09,  -6.672231e-02,  3.539587e+01,  -1.816557e+01,  -5.460868e+01,  -1.817133e+01,  -5.460868e+01,  -6.672231e-02,  3.538678e+01
   9.550000e+09,  -9.257960e-02,  3.206354e+01,  -1.675621e+01,  -5.794159e+01,  -1.676159e+01,  -5.794159e+01,  -9.257960e-02,  3.205328e+01
   9.640000e+09,  -1.311383e-01,  2.845546e+01,  -1.526344e+01,  -6.155044e+01,  -1.526846e+01,  -6.155044e+01,  -1.311383e-01,  2.844366e+01
   9.730000e+09,  -1.916384e-01,  2.440398e+01,  -1.364614e+01,  -6.560297e+01,  -1.365083e+01,  -6.560297e+01,  -1.916384e-01,  2.439009e+01
   9.820000e+09,  -2.928627e-01,  1.963586e+01,  -1.185463e+01,  -7.037254e+01,  -1.185899e+01,  -7.037254e+01,  -2.928627e-01,  1.961905e+01
   9.910000e+09,  -4.770632e-01,  1.366817e+01,  -9.826414e+00,  -7.634240e+01,  -9.830450e+00,  -7.634240e+01,  -4.770632e-01,  1.364702e+01
   1.000000e+10,  -8.528127e-01,  5.571737e+00,  -7.486876e+00,  -8.444236e+01,  -7.490599e+00,  -8.444236e+01,  -8.528127e-01,  5.543549e+00
