   5.000000e+07,  -3.180043e+01,  8.838160e+01,  -2.870017e-03,  -1.618396e+00,  -2.870017e-03,  -1.618396e+00,  -3.180043e+01,  8.838160e+01
   1.000000e+08,  -2.578895e+01,  8.676532e+01,  -1.146733e-02,  -3.234679e+00,  -1.146733e-02,  -3.234679e+00,  -2.578895e+01,  8.676532e+01
   1.500000e+08,  -2.228229e+01,  8.515325e+01,  -2.575387e-02,  -4.846752e+00,  -2.575387e-02,  -4.846752e+00,  -2.228229e+01,  8.515325e+01
   2.000000e+08,  -1.980465e+01,  8.354744e+01,  -4.566682e-02,  -6.452556e+00,  -4.566682e-02,  -6.452556e+00,  -1.980465e+01,  8.354744e+01
   2.500000e+08,  -1.789347e+01,  8.194992e+01,  -7.111942e-02,  -8.050080e+00,  -7.111942e-02,  -8.050080e+00,  -1.789347e+01,  8.194992e+01
   3.000000e+08,  -1.634265e+01,  8.036262e+01,  -1.020022e-01,  -9.637383e+00,  -1.020022e-01,  -9.637383e+00,  -1.634265e+01,  8.036262e+01
   3.500000e+08,  -1.504217e+01,  7.878739e+01,  -1.381842e-01,  -1.121261e+01,  -1.381842e-01,  -1.121261e+01,  -1.504217e+01,  7.878739e+01
   4.000000e+08,  -1.392628e+01,  7.722602e+01,  -1.795152e-01,  -1.277398e+01,  -1.795152e-01,  -1.277398e+01,  -1.392628e+01,  7.722602e+01
   4.500000e+08,  -1.295251e+01,  7.568016e+01,  -2.258269e-01,  -1.431984e+01,  -2.258269e-01,  -1.431984e+01,  -1.295251e+01,  7.568016e+01
   5.000000e+08,  -1.209179e+01,  7.415135e+01,  -2.769355e-01,  -1.584865e+01,  -2.769355e-01,  -1.584865e+01,  -1.209179e+01,  7.415135e+01
   5.500000e+08,  -1.132331e+01,  7.264102e+01,  -3.326436e-01,  -1.735898e+01,  -3.326436e-01,  -1.735898e+01,  -1.132331e+01,  7.264102e+01
   6.000000e+08,  -1.063166e+01,  7.115048e+01,  -3.927422e-01,  -1.884952e+01,  -3.927422e-01,  -1.884952e+01,  -1.063166e+01,  7.115048e+01
   6.500000e+08,  -1.000506e+01,  6.968089e+01,  -4.570133e-01,  -2.031911e+01,  -4.570133e-01,  -2.031911e+01,  -1.000506e+01,  6.968089e+01
   7.000000e+08,  -9.434303e+00,  6.823330e+01,  -5.252317e-01,  -2.176670e+01,  -5.252317e-01,  -2.176670e+01,  -9.434303e+00,  6.823330e+01
   7.500000e+08,  -8.912045e+00,  6.680861e+01,  -5.971673e-01,  -2.319139e+01,  -5.971673e-01,  -2.319139e+01,  -8.912045e+00,  6.680861e+01
   8.000000e+08,  -8.432313e+00,  6.540760e+01,  -6.725869e-01,  -2.459240e+01,  -6.725869e-01,  -2.459240e+01,  -8.432313e+00,  6.540760e+01
   8.500000e+08,  -7.990177e+00,  6.403094e+01,  -7.512562e-01,  -2.596906e+01,  -7.512562e-01,  -2.596906e+01,  -7.990177e+00,  6.403094e+01
   9.000000e+08,  -7.581516e+00,  6.267916e+01,  -8.329412e-01,  -2.732084e+01,  -8.329412e-01,  -2.732084e+01,  -7.581516e+00,  6.267916e+01
   9.500000e+08,  -7.202840e+00,  6.135267e+01,  -9.174103e-01,  -2.864733e+01,  -9.174103e-01,  -2.864733e+01,  -7.202840e+00,  6.135267e+01
   1.000000e+09,  -6.851167e+00,  6.005178e+01,  -1.004435e+00,  -2.994822e+01,  -1.004435e+00,  -2.994822e+01,  -6.851167e+00,  6.005178e+01
   1.050000e+09,  -6.523920e+00,  5.877671e+01,  -1.093792e+00,  -3.122329e+01,  -1.093792e+00,  -3.122329e+01,  -6.523920e+00,  5.877671e+01
   1.100000e+09,  -6.218858e+00,  5.752757e+01,  -1.185263e+00,  -3.247243e+01,  -1.185263e+00,  -3.247243e+01,  -6.218858e+00,  5.752757e+01
   1.150000e+09,  -5.934017e+00,  5.630437e+01,  -1.278636e+00,  -3.369563e+01,  -1.278636e+00,  -3.369563e+01,  -5.934017e+00,  5.630437e+01
   1.200000e+09,  -5.667663e+00,  5.510707e+01,  -1.373708e+00,  -3.489293e+01,  -1.373708e+00,  -3.489293e+01,  -5.667663e+00,  5.510707e+01
   1.250000e+09,  -5.418258e+00,  5.393552e+01,  -1.470282e+00,  -3.606448e+01,  -1.470282e+00,  -3.606448e+01,  -5.418258e+00,  5.393552e+01
   1.300000e+09,  -5.184429e+00,  5.278955e+01,  -1.568170e+00,  -3.721045e+01,  -1.568170e+00,  -3.721045e+01,  -5.184429e+00,  5.278955e+01
   1.350000e+09,  -4.964949e+00,  5.166888e+01,  -1.667192e+00,  -3.833112e+01,  -1.667192e+00,  -3.833112e+01,  -4.964949e+00,  5.166888e+01
   1.400000e+09,  -4.758710e+00,  5.057321e+01,  -1.767177e+00,  -3.942679e+01,  -1.767177e+00,  -3.942679e+01,  -4.758710e+00,  5.057321e+01
   1.450000e+09,  -4.564715e+00,  4.950220e+01,  -1.867964e+00,  -4.049780e+01,  -1.867964e+00,  -4.049780e+01,  -4.564715e+00,  4.950220e+01
   1.500000e+09,  -4.382058e+00,  4.845544e+01,  -1.969399e+00,  -4.154456e+01,  -1.969399e+00,  -4.154456e+01,  -4.382058e+00,  4.845544e+01
   1.550000e+09,  -4.209918e+00,  4.743251e+01,  -2.071337e+00,  -4.256749e+01,  -2.071337e+00,  -4.256749e+01,  -4.209918e+00,  4.743251e+01
   1.600000e+09,  -4.047547e+00,  4.643297e+01,  -2.173643e+00,  -4.356703e+01,  -2.173643e+00,  -4.356703e+01,  -4.047547e+00,  4.643297e+01
   1.650000e+09,  -3.894259e+00,  4.545633e+01,  -2.276190e+00,  -4.454367e+01,  -2.276190e+00,  -4.454367e+01,  -3.894259e+00,  4.545633e+01
   1.700000e+09,  -3.749431e+00,  4.450209e+01,  -2.378856e+00,  -4.549791e+01,  -2.378856e+00,  -4.549791e+01,  -3.749431e+00,  4.450209e+01
   1.750000e+09,  -3.612489e+00,  4.356976e+01,  -2.481533e+00,  -4.643024e+01,  -2.481533e+00,  -4.643024e+01,  -3.612489e+00,  4.356976e+01
   1.800000e+09,  -3.482905e+00,  4.265880e+01,  -2.584114e+00,  -4.734120e+01,  -2.584114e+00,  -4.734120e+01,  -3.482905e+00,  4.265880e+01
   1.850000e+09,  -3.360195e+00,  4.176870e+01,  -2.686505e+00,  -4.823130e+01,  -2.686505e+00,  -4.823130e+01,  -3.360195e+00,  4.176870e+01
   1.900000e+09,  -3.243913e+00,  4.089891e+01,  -2.788615e+00,  -4.910109e+01,  -2.788615e+00,  -4.910109e+01,  -3.243913e+00,  4.089891e+01
   1.950000e+09,  -3.133646e+00,  4.004890e+01,  -2.890361e+00,  -4.995110e+01,  -2.890361e+00,  -4.995110e+01,  -3.133646e+00,  4.004890e+01
   2.000000e+09,  -3.029014e+00,  3.921814e+01,  -2.991667e+00,  -5.078186e+01,  -2.991667e+00,  -5.078186e+01,  -3.029014e+00,  3.921814e+01
   2.050000e+09,  -2.929664e+00,  3.840609e+01,  -3.092461e+00,  -5.159391e+01,  -3.092461e+00,  -5.159391e+01,  -2.929664e+00,  3.840609e+01
   2.100000e+09,  -2.835271e+00,  3.761223e+01,  -3.192680e+00,  -5.238777e+01,  -3.192680e+00,  -5.238777e+01,  -2.835271e+00,  3.761223e+01
   2.150000e+09,  -2.745532e+00,  3.683604e+01,  -3.292263e+00,  -5.316396e+01,  -3.292263e+00,  -5.316396e+01,  -2.745532e+00,  3.683604e+01
   2.200000e+09,  -2.660167e+00,  3.607699e+01,  -3.391156e+00,  -5.392301e+01,  -3.391156e+00,  -5.392301e+01,  -2.660167e+00,  3.607699e+01
   2.250000e+09,  -2.578915e+00,  3.533459e+01,  -3.489308e+00,  -5.466541e+01,  -3.489308e+00,  -5.466541e+01,  -2.578915e+00,  3.533459e+01
   2.300000e+09,  -2.501535e+00,  3.460834e+01,  -3.586674e+00,  -5.539166e+01,  -3.586674e+00,  -5.539166e+01,  -2.501535e+00,  3.460834e+01
   2.350000e+09,  -2.427800e+00,  3.389774e+01,  -3.683211e+00,  -5.610226e+01,  -3.683211e+00,  -5.610226e+01,  -2.427800e+00,  3.389774e+01
   2.400000e+09,  -2.357501e+00,  3.320231e+01,  -3.778883e+00,  -5.679769e+01,  -3.778883e+00,  -5.679769e+01,  -2.357501e+00,  3.320231e+01
   2.450000e+09,  -2.290442e+00,  3.252160e+01,  -3.873655e+00,  -5.747840e+01,  -3.873655e+00,  -5.747840e+01,  -2.290442e+00,  3.252160e+01
   2.500000e+09,  -2.226442e+00,  3.185514e+01,  -3.967496e+00,  -5.814486e+01,  -3.967496e+00,  -5.814486e+01,  -2.226442e+00,  3.185514e+01
   2.550000e+09,  -2.165329e+00,  3.120249e+01,  -4.060378e+00,  -5.879751e+01,  -4.060378e+00,  -5.879751e+01,  -2.165329e+00,  3.120249e+01
   2.600000e+09,  -2.106945e+00,  3.056322e+01,  -4.152277e+00,  -5.943678e+01,  -4.152277e+00,  -5.943678e+01,  -2.106945e+00,  3.056322e+01
   2.650000e+09,  -2.051141e+00,  2.993691e+01,  -4.243169e+00,  -6.006309e+01,  -4.243169e+00,  -6.006309e+01,  -2.051141e+00,  2.993691e+01
   2.700000e+09,  -1.997778e+00,  2.932313e+01,  -4.333035e+00,  -6.067687e+01,  -4.333035e+00,  -6.067687e+01,  -1.997778e+00,  2.932313e+01
   2.750000e+09,  -1.946727e+00,  2.872151e+01,  -4.421858e+00,  -6.127849e+01,  -4.421858e+00,  -6.127849e+01,  -1.946727e+00,  2.872151e+01
   2.800000e+09,  -1.897864e+00,  2.813165e+01,  -4.509622e+00,  -6.186835e+01,  -4.509622e+00,  -6.186835e+01,  -1.897864e+00,  2.813165e+01
   2.850000e+09,  -1.851077e+00,  2.755317e+01,  -4.596313e+00,  -6.244683e+01,  -4.596313e+00,  -6.244683e+01,  -1.851077e+00,  2.755317e+01
   2.900000e+09,  -1.806257e+00,  2.698572e+01,  -4.681920e+00,  -6.301428e+01,  -4.681920e+00,  -6.301428e+01,  -1.806257e+00,  2.698572e+01
   2.950000e+09,  -1.763305e+00,  2.642894e+01,  -4.766432e+00,  -6.357106e+01,  -4.766432e+00,  -6.357106e+01,  -1.763305e+00,  2.642894e+01
   3.000000e+09,  -1.722126e+00,  2.588249e+01,  -4.849840e+00,  -6.411751e+01,  -4.849840e+00,  -6.411751e+01,  -1.722126e+00,  2.588249e+01
   3.050000e+09,  -1.682632e+00,  2.534604e+01,  -4.932139e+00,  -6.465396e+01,  -4.932139e+00,  -6.465396e+01,  -1.682632e+00,  2.534604e+01
   3.100000e+09,  -1.644739e+00,  2.481927e+01,  -5.013320e+00,  -6.518073e+01,  -5.013320e+00,  -6.518073e+01,  -1.644739e+00,  2.481927e+01
   3.150000e+09,  -1.608369e+00,  2.430187e+01,  -5.093381e+00,  -6.569813e+01,  -5.093381e+00,  -6.569813e+01,  -1.608369e+00,  2.430187e+01
   3.200000e+09,  -1.573448e+00,  2.379354e+01,  -5.172316e+00,  -6.620646e+01,  -5.172316e+00,  -6.620646e+01,  -1.573448e+00,  2.379354e+01
   3.250000e+09,  -1.539907e+00,  2.329399e+01,  -5.250124e+00,  -6.670601e+01,  -5.250124e+00,  -6.670601e+01,  -1.539907e+00,  2.329399e+01
   3.300000e+09,  -1.507681e+00,  2.280294e+01,  -5.326802e+00,  -6.719706e+01,  -5.326802e+00,  -6.719706e+01,  -1.507681e+00,  2.280294e+01
   3.350000e+09,  -1.476708e+00,  2.232012e+01,  -5.402350e+00,  -6.767988e+01,  -5.402350e+00,  -6.767988e+01,  -1.476708e+00,  2.232012e+01
   3.400000e+09,  -1.446930e+00,  2.184527e+01,  -5.476766e+00,  -6.815473e+01,  -5.476766e+00,  -6.815473e+01,  -1.446930e+00,  2.184527e+01
   3.450000e+09,  -1.418292e+00,  2.137813e+01,  -5.550052e+00,  -6.862187e+01,  -5.550052e+00,  -6.862187e+01,  -1.418292e+00,  2.137813e+01
   3.500000e+09,  -1.390742e+00,  2.091846e+01,  -5.622208e+00,  -6.908154e+01,  -5.622208e+00,  -6.908154e+01,  -1.390742e+00,  2.091846e+01
   3.550000e+09,  -1.364232e+00,  2.046602e+01,  -5.693236e+00,  -6.953398e+01,  -5.693236e+00,  -6.953398e+01,  -1.364232e+00,  2.046602e+01
   3.600000e+09,  -1.338716e+00,  2.002058e+01,  -5.763137e+00,  -6.997942e+01,  -5.763137e+00,  -6.997942e+01,  -1.338716e+00,  2.002058e+01
   3.650000e+09,  -1.314149e+00,  1.958192e+01,  -5.831915e+00,  -7.041808e+01,  -5.831915e+00,  -7.041808e+01,  -1.314149e+00,  1.958192e+01
   3.700000e+09,  -1.290491e+00,  1.914982e+01,  -5.899572e+00,  -7.085018e+01,  -5.899572e+00,  -7.085018e+01,  -1.290491e+00,  1.914982e+01
   3.750000e+09,  -1.267703e+00,  1.872408e+01,  -5.966112e+00,  -7.127592e+01,  -5.966112e+00,  -7.127592e+01,  -1.267703e+00,  1.872408e+01
   3.800000e+09,  -1.245748e+00,  1.830449e+01,  -6.031538e+00,  -7.169551e+01,  -6.031538e+00,  -7.169551e+01,  -1.245748e+00,  1.830449e+01
   3.850000e+09,  -1.224590e+00,  1.789087e+01,  -6.095853e+00,  -7.210913e+01,  -6.095853e+00,  -7.210913e+01,  -1.224590e+00,  1.789087e+01
   3.900000e+09,  -1.204197e+00,  1.748301e+01,  -6.159062e+00,  -7.251699e+01,  -6.159062e+00,  -7.251699e+01,  -1.204197e+00,  1.748301e+01
   3.950000e+09,  -1.184538e+00,  1.708075e+01,  -6.221169e+00,  -7.291925e+01,  -6.221169e+00,  -7.291925e+01,  -1.184538e+00,  1.708075e+01
   4.000000e+09,  -1.165582e+00,  1.668390e+01,  -6.282179e+00,  -7.331610e+01,  -6.282179e+00,  -7.331610e+01,  -1.165582e+00,  1.668390e+01
   4.050000e+09,  -1.147302e+00,  1.629229e+01,  -6.342096e+00,  -7.370771e+01,  -6.342096e+00,  -7.370771e+01,  -1.147302e+00,  1.629229e+01
   4.100000e+09,  -1.129670e+00,  1.590577e+01,  -6.400926e+00,  -7.409423e+01,  -6.400926e+00,  -7.409423e+01,  -1.129670e+00,  1.590577e+01
   4.150000e+09,  -1.112662e+00,  1.552415e+01,  -6.458672e+00,  -7.447585e+01,  -6.458672e+00,  -7.447585e+01,  -1.112662e+00,  1.552415e+01
   4.200000e+09,  -1.096252e+00,  1.514730e+01,  -6.515340e+00,  -7.485270e+01,  -6.515340e+00,  -7.485270e+01,  -1.096252e+00,  1.514730e+01
   4.250000e+09,  -1.080419e+00,  1.477507e+01,  -6.570936e+00,  -7.522493e+01,  -6.570936e+00,  -7.522493e+01,  -1.080419e+00,  1.477507e+01
   4.300000e+09,  -1.065141e+00,  1.440729e+01,  -6.625463e+00,  -7.559271e+01,  -6.625463e+00,  -7.559271e+01,  -1.065141e+00,  1.440729e+01
   4.350000e+09,  -1.050397e+00,  1.404384e+01,  -6.678928e+00,  -7.595616e+01,  -6.678928e+00,  -7.595616e+01,  -1.050397e+00,  1.404384e+01
   4.400000e+09,  -1.036166e+00,  1.368458e+01,  -6.731336e+00,  -7.631542e+01,  -6.731336e+00,  -7.631542e+01,  -1.036166e+00,  1.368458e+01
   4.450000e+09,  -1.022432e+00,  1.332938e+01,  -6.782692e+00,  -7.667062e+01,  -6.782692e+00,  -7.667062e+01,  -1.022432e+00,  1.332938e+01
   4.500000e+09,  -1.009175e+00,  1.297810e+01,  -6.833001e+00,  -7.702190e+01,  -6.833001e+00,  -7.702190e+01,  -1.009175e+00,  1.297810e+01
   4.550000e+09,  -9.963786e-01,  1.263062e+01,  -6.882268e+00,  -7.736938e+01,  -6.882268e+00,  -7.736938e+01,  -9.963786e-01,  1.263062e+01
   4.600000e+09,  -9.840274e-01,  1.228681e+01,  -6.930499e+00,  -7.771319e+01,  -6.930499e+00,  -7.771319e+01,  -9.840274e-01,  1.228681e+01
   4.650000e+09,  -9.721056e-01,  1.194657e+01,  -6.977699e+00,  -7.805343e+01,  -6.977699e+00,  -7.805343e+01,  -9.721056e-01,  1.194657e+01
   4.700000e+09,  -9.605988e-01,  1.160978e+01,  -7.023873e+00,  -7.839022e+01,  -7.023873e+00,  -7.839022e+01,  -9.605988e-01,  1.160978e+01
   4.750000e+09,  -9.494930e-01,  1.127631e+01,  -7.069026e+00,  -7.872369e+01,  -7.069026e+00,  -7.872369e+01,  -9.494930e-01,  1.127631e+01
   4.800000e+09,  -9.387751e-01,  1.094608e+01,  -7.113163e+00,  -7.905392e+01,  -7.113163e+00,  -7.905392e+01,  -9.387751e-01,  1.094608e+01
   4.850000e+09,  -9.284323e-01,  1.061896e+01,  -7.156290e+00,  -7.938104e+01,  -7.156290e+00,  -7.938104e+01,  -9.284323e-01,  1.061896e+01
   4.900000e+09,  -9.184528e-01,  1.029486e+01,  -7.198411e+00,  -7.970514e+01,  -7.198411e+00,  -7.970514e+01,  -9.184528e-01,  1.029486e+01
   4.950000e+09,  -9.088251e-01,  9.973680e+00,  -7.239531e+00,  -8.002632e+01,  -7.239531e+00,  -8.002632e+01,  -9.088251e-01,  9.973680e+00
   5.000000e+09,  -8.995384e-01,  9.655319e+00,  -7.279655e+00,  -8.034468e+01,  -7.279655e+00,  -8.034468e+01,  -8.995384e-01,  9.655319e+00
   5.050000e+09,  -8.905821e-01,  9.339685e+00,  -7.318788e+00,  -8.066032e+01,  -7.318788e+00,  -8.066032e+01,  -8.905821e-01,  9.339685e+00
   5.100000e+09,  -8.819465e-01,  9.026684e+00,  -7.356934e+00,  -8.097332e+01,  -7.356934e+00,  -8.097332e+01,  -8.819465e-01,  9.026684e+00
   5.150000e+09,  -8.736221e-01,  8.716226e+00,  -7.394098e+00,  -8.128377e+01,  -7.394098e+00,  -8.128377e+01,  -8.736221e-01,  8.716226e+00
   5.200000e+09,  -8.655999e-01,  8.408225e+00,  -7.430285e+00,  -8.159177e+01,  -7.430285e+00,  -8.159177e+01,  -8.655999e-01,  8.408225e+00
   5.250000e+09,  -8.578714e-01,  8.102594e+00,  -7.465499e+00,  -8.189741e+01,  -7.465499e+00,  -8.189741e+01,  -8.578714e-01,  8.102594e+00
   5.300000e+09,  -8.504283e-01,  7.799250e+00,  -7.499744e+00,  -8.220075e+01,  -7.499744e+00,  -8.220075e+01,  -8.504283e-01,  7.799250e+00
   5.350000e+09,  -8.432630e-01,  7.498112e+00,  -7.533024e+00,  -8.250189e+01,  -7.533024e+00,  -8.250189e+01,  -8.432630e-01,  7.498112e+00
   5.400000e+09,  -8.363681e-01,  7.199099e+00,  -7.565344e+00,  -8.280090e+01,  -7.565344e+00,  -8.280090e+01,  -8.363681e-01,  7.199099e+00
   5.450000e+09,  -8.297363e-01,  6.902135e+00,  -7.596707e+00,  -8.309787e+01,  -7.596707e+00,  -8.309787e+01,  -8.297363e-01,  6.902135e+00
   5.500000e+09,  -8.233611e-01,  6.607142e+00,  -7.627118e+00,  -8.339286e+01,  -7.627118e+00,  -8.339286e+01,  -8.233611e-01,  6.607142e+00
   5.550000e+09,  -8.172361e-01,  6.314046e+00,  -7.656580e+00,  -8.368595e+01,  -7.656580e+00,  -8.368595e+01,  -8.172361e-01,  6.314046e+00
   5.600000e+09,  -8.113550e-01,  6.022775e+00,  -7.685097e+00,  -8.397722e+01,  -7.685097e+00,  -8.397722e+01,  -8.113550e-01,  6.022775e+00
   5.650000e+09,  -8.057123e-01,  5.733257e+00,  -7.712673e+00,  -8.426674e+01,  -7.712673e+00,  -8.426674e+01,  -8.057123e-01,  5.733257e+00
   5.700000e+09,  -8.003022e-01,  5.445422e+00,  -7.739311e+00,  -8.455458e+01,  -7.739311e+00,  -8.455458e+01,  -8.003022e-01,  5.445422e+00
   5.750000e+09,  -7.951196e-01,  5.159202e+00,  -7.765014e+00,  -8.484080e+01,  -7.765014e+00,  -8.484080e+01,  -7.951196e-01,  5.159202e+00
   5.800000e+09,  -7.901596e-01,  4.874529e+00,  -7.789786e+00,  -8.512547e+01,  -7.789786e+00,  -8.512547e+01,  -7.901596e-01,  4.874529e+00
   5.850000e+09,  -7.854173e-01,  4.591338e+00,  -7.813631e+00,  -8.540866e+01,  -7.813631e+00,  -8.540866e+01,  -7.854173e-01,  4.591338e+00
   5.900000e+09,  -7.808883e-01,  4.309563e+00,  -7.836550e+00,  -8.569044e+01,  -7.836550e+00,  -8.569044e+01,  -7.808883e-01,  4.309563e+00
   5.950000e+09,  -7.765683e-01,  4.029141e+00,  -7.858546e+00,  -8.597086e+01,  -7.858546e+00,  -8.597086e+01,  -7.765683e-01,  4.029141e+00
   6.000000e+09,  -7.724533e-01,  3.750010e+00,  -7.879624e+00,  -8.624999e+01,  -7.879624e+00,  -8.624999e+01,  -7.724533e-01,  3.750010e+00
   6.050000e+09,  -7.685396e-01,  3.472107e+00,  -7.899785e+00,  -8.652789e+01,  -7.899785e+00,  -8.652789e+01,  -7.685396e-01,  3.472107e+00
   6.100000e+09,  -7.648234e-01,  3.195373e+00,  -7.919032e+00,  -8.680463e+01,  -7.919032e+00,  -8.680463e+01,  -7.648234e-01,  3.195373e+00
   6.150000e+09,  -7.613014e-01,  2.919747e+00,  -7.937368e+00,  -8.708025e+01,  -7.937368e+00,  -8.708025e+01,  -7.613014e-01,  2.919747e+00
   6.200000e+09,  -7.579705e-01,  2.645171e+00,  -7.954795e+00,  -8.735483e+01,  -7.954795e+00,  -8.735483e+01,  -7.579705e-01,  2.645171e+00
   6.250000e+09,  -7.548275e-01,  2.371587e+00,  -7.971315e+00,  -8.762841e+01,  -7.971315e+00,  -8.762841e+01,  -7.548275e-01,  2.371587e+00
   6.300000e+09,  -7.518697e-01,  2.098938e+00,  -7.986930e+00,  -8.790106e+01,  -7.986930e+00,  -8.790106e+01,  -7.518697e-01,  2.098938e+00
   6.350000e+09,  -7.490944e-01,  1.827167e+00,  -8.001643e+00,  -8.817283e+01,  -8.001643e+00,  -8.817283e+01,  -7.490944e-01,  1.827167e+00
   6.400000e+09,  -7.464991e-01,  1.556219e+00,  -8.015455e+00,  -8.844378e+01,  -8.015455e+00,  -8.844378e+01,  -7.464991e-01,  1.556219e+00
   6.450000e+09,  -7.440816e-01,  1.286038e+00,  -8.028368e+00,  -8.871396e+01,  -8.028368e+00,  -8.871396e+01,  -7.440816e-01,  1.286038e+00
   6.500000e+09,  -7.418397e-01,  1.016570e+00,  -8.040384e+00,  -8.898343e+01,  -8.040384e+00,  -8.898343e+01,  -7.418397e-01,  1.016570e+00
   6.550000e+09,  -7.397714e-01,  7.477607e-01,  -8.051504e+00,  -8.925224e+01,  -8.051504e+00,  -8.925224e+01,  -7.397714e-01,  7.477606e-01
   6.600000e+09,  -7.378750e-01,  4.795569e-01,  -8.061731e+00,  -8.952044e+01,  -8.061731e+00,  -8.952044e+01,  -7.378750e-01,  4.795568e-01
   6.650000e+09,  -7.361487e-01,  2.119055e-01,  -8.071064e+00,  -8.978809e+01,  -8.071064e+00,  -8.978809e+01,  -7.361487e-01,  2.119055e-01
   6.700000e+09,  -7.345911e-01,  -5.524602e-02,  -8.079506e+00,  -9.005525e+01,  -8.079506e+00,  -9.005525e+01,  -7.345911e-01,  -5.524606e-02
   6.750000e+09,  -7.332008e-01,  -3.219499e-01,  -8.087058e+00,  -9.032195e+01,  -8.087058e+00,  -9.032195e+01,  -7.332008e-01,  -3.219499e-01
   6.800000e+09,  -7.319766e-01,  -5.882580e-01,  -8.093720e+00,  -9.058826e+01,  -8.093720e+00,  -9.058826e+01,  -7.319766e-01,  -5.882580e-01
   6.850000e+09,  -7.309175e-01,  -8.542218e-01,  -8.099494e+00,  -9.085422e+01,  -8.099494e+00,  -9.085422e+01,  -7.309175e-01,  -8.542218e-01
   6.900000e+09,  -7.300225e-01,  -1.119893e+00,  -8.104380e+00,  -9.111989e+01,  -8.104380e+00,  -9.111989e+01,  -7.300225e-01,  -1.119893e+00
   6.950000e+09,  -7.292908e-01,  -1.385321e+00,  -8.108379e+00,  -9.138532e+01,  -8.108379e+00,  -9.138532e+01,  -7.292908e-01,  -1.385321e+00
   7.000000e+09,  -7.287219e-01,  -1.650559e+00,  -8.111492e+00,  -9.165056e+01,  -8.111492e+00,  -9.165056e+01,  -7.287219e-01,  -1.650559e+00
   7.050000e+09,  -7.283152e-01,  -1.915656e+00,  -8.113719e+00,  -9.191566e+01,  -8.113719e+00,  -9.191566e+01,  -7.283152e-01,  -1.915656e+00
   7.100000e+09,  -7.280704e-01,  -2.180664e+00,  -8.115060e+00,  -9.218066e+01,  -8.115060e+00,  -9.218066e+01,  -7.280704e-01,  -2.180664e+00
   7.150000e+09,  -7.279872e-01,  -2.445632e+00,  -8.115516e+00,  -9.244563e+01,  -8.115516e+00,  -9.244563e+01,  -7.279872e-01,  -2.445632e+00
   7.200000e+09,  -7.280656e-01,  -2.710611e+00,  -8.115086e+00,  -9.271061e+01,  -8.115086e+00,  -9.271061e+01,  -7.280656e-01,  -2.710611e+00
   7.250000e+09,  -7.283056e-01,  -2.975652e+00,  -8.113772e+00,  -9.297565e+01,  -8.113772e+00,  -9.297565e+01,  -7.283056e-01,  -2.975652e+00
   7.300000e+09,  -7.287075e-01,  -3.240804e+00,  -8.111571e+00,  -9.324080e+01,  -8.111571e+00,  -9.324080e+01,  -7.287075e-01,  -3.240804e+00
   7.350000e+09,  -7.292715e-01,  -3.506119e+00,  -8.108485e+00,  -9.350612e+01,  -8.108485e+00,  -9.350612e+01,  -7.292715e-01,  -3.506119e+00
   7.400000e+09,  -7.299981e-01,  -3.771648e+00,  -8.104513e+00,  -9.377165e+01,  -8.104513e+00,  -9.377165e+01,  -7.299981e-01,  -3.771648e+00
   7.450000e+09,  -7.308880e-01,  -4.037440e+00,  -8.099655e+00,  -9.403744e+01,  -8.099655e+00,  -9.403744e+01,  -7.308880e-01,  -4.037440e+00
   7.500000e+09,  -7.319419e-01,  -4.303548e+00,  -8.093909e+00,  -9.430355e+01,  -8.093909e+00,  -9.430355e+01,  -7.319419e-01,  -4.303548e+00
   7.550000e+09,  -7.331607e-01,  -4.570021e+00,  -8.087276e+00,  -9.457002e+01,  -8.087276e+00,  -9.457002e+01,  -7.331607e-01,  -4.570021e+00
   7.600000e+09,  -7.345453e-01,  -4.836912e+00,  -8.079754e+00,  -9.483691e+01,  -8.079754e+00,  -9.483691e+01,  -7.345453e-01,  -4.836912e+00
   7.650000e+09,  -7.360972e-01,  -5.104273e+00,  -8.071343e+00,  -9.510427e+01,  -8.071343e+00,  -9.510427e+01,  -7.360972e-01,  -5.104273e+00
   7.700000e+09,  -7.378174e-01,  -5.372155e+00,  -8.062041e+00,  -9.537216e+01,  -8.062041e+00,  -9.537216e+01,  -7.378174e-01,  -5.372155e+00
   7.750000e+09,  -7.397076e-01,  -5.640612e+00,  -8.051848e+00,  -9.564061e+01,  -8.051848e+00,  -9.564061e+01,  -7.397076e-01,  -5.640612e+00
   7.800000e+09,  -7.417693e-01,  -5.909695e+00,  -8.040762e+00,  -9.590969e+01,  -8.040762e+00,  -9.590969e+01,  -7.417693e-01,  -5.909695e+00
   7.850000e+09,  -7.440043e-01,  -6.179458e+00,  -8.028781e+00,  -9.617946e+01,  -8.028781e+00,  -9.617946e+01,  -7.440043e-01,  -6.179458e+00
   7.900000e+09,  -7.464147e-01,  -6.449956e+00,  -8.015905e+00,  -9.644996e+01,  -8.015905e+00,  -9.644996e+01,  -7.464147e-01,  -6.449956e+00
   7.950000e+09,  -7.490024e-01,  -6.721242e+00,  -8.002131e+00,  -9.672124e+01,  -8.002131e+00,  -9.672124e+01,  -7.490024e-01,  -6.721242e+00
   8.000000e+09,  -7.517698e-01,  -6.993372e+00,  -7.987458e+00,  -9.699337e+01,  -7.987458e+00,  -9.699337e+01,  -7.517698e-01,  -6.993372e+00
   8.050000e+09,  -7.547194e-01,  -7.266402e+00,  -7.971884e+00,  -9.726640e+01,  -7.971884e+00,  -9.726640e+01,  -7.547194e-01,  -7.266402e+00
   8.100000e+09,  -7.578536e-01,  -7.540387e+00,  -7.955408e+00,  -9.754039e+01,  -7.955408e+00,  -9.754039e+01,  -7.578536e-01,  -7.540387e+00
   8.150000e+09,  -7.611754e-01,  -7.815384e+00,  -7.938026e+00,  -9.781538e+01,  -7.938026e+00,  -9.781538e+01,  -7.611754e-01,  -7.815384e+00
   8.200000e+09,  -7.646878e-01,  -8.091453e+00,  -7.919737e+00,  -9.809145e+01,  -7.919737e+00,  -9.809145e+01,  -7.646878e-01,  -8.091453e+00
   8.250000e+09,  -7.683938e-01,  -8.368650e+00,  -7.900538e+00,  -9.836865e+01,  -7.900538e+00,  -9.836865e+01,  -7.683938e-01,  -8.368650e+00
   8.300000e+09,  -7.722969e-01,  -8.647036e+00,  -7.880428e+00,  -9.864704e+01,  -7.880428e+00,  -9.864704e+01,  -7.722969e-01,  -8.647037e+00
   8.350000e+09,  -7.764006e-01,  -8.926672e+00,  -7.859403e+00,  -9.892667e+01,  -7.859403e+00,  -9.892667e+01,  -7.764006e-01,  -8.926672e+00
   8.400000e+09,  -7.807088e-01,  -9.207619e+00,  -7.837461e+00,  -9.920762e+01,  -7.837461e+00,  -9.920762e+01,  -7.807088e-01,  -9.207619e+00
   8.450000e+09,  -7.852255e-01,  -9.489939e+00,  -7.814598e+00,  -9.948994e+01,  -7.814598e+00,  -9.948994e+01,  -7.852255e-01,  -9.489939e+00
   8.500000e+09,  -7.899548e-01,  -9.773696e+00,  -7.790813e+00,  -9.977370e+01,  -7.790813e+00,  -9.977370e+01,  -7.899548e-01,  -9.773696e+00
   8.550000e+09,  -7.949013e-01,  -1.005896e+01,  -7.766101e+00,  -1.000590e+02,  -7.766101e+00,  -1.000590e+02,  -7.949013e-01,  -1.005896e+01
   8.600000e+09,  -8.000696e-01,  -1.034578e+01,  -7.740460e+00,  -1.003458e+02,  -7.740460e+00,  -1.003458e+02,  -8.000696e-01,  -1.034578e+01
   8.650000e+09,  -8.054649e-01,  -1.063425e+01,  -7.713887e+00,  -1.006342e+02,  -7.713887e+00,  -1.006342e+02,  -8.054649e-01,  -1.063425e+01
   8.700000e+09,  -8.110922e-01,  -1.092441e+01,  -7.686377e+00,  -1.009244e+02,  -7.686377e+00,  -1.009244e+02,  -8.110922e-01,  -1.092441e+01
   8.750000e+09,  -8.169571e-01,  -1.121636e+01,  -7.657928e+00,  -1.012164e+02,  -7.657928e+00,  -1.012164e+02,  -8.169571e-01,  -1.121636e+01
   8.800000e+09,  -8.230655e-01,  -1.151015e+01,  -7.628534e+00,  -1.015101e+02,  -7.628534e+00,  -1.015101e+02,  -8.230655e-01,  -1.151015e+01
   8.850000e+09,  -8.294234e-01,  -1.180586e+01,  -7.598194e+00,  -1.018059e+02,  -7.598194e+00,  -1.018059e+02,  -8.294234e-01,  -1.180586e+01
   8.900000e+09,  -8.360374e-01,  -1.210356e+01,  -7.566901e+00,  -1.021036e+02,  -7.566901e+00,  -1.021036e+02,  -8.360374e-01,  -1.210356e+01
   8.950000e+09,  -8.429141e-01,  -1.240334e+01,  -7.534652e+00,  -1.024033e+02,  -7.534652e+00,  -1.024033e+02,  -8.429141e-01,  -1.240334e+01
   9.000000e+09,  -8.500608e-01,  -1.270528e+01,  -7.501443e+00,  -1.027053e+02,  -7.501443e+00,  -1.027053e+02,  -8.500608e-01,  -1.270528e+01
   9.050000e+09,  -8.574850e-01,  -1.300944e+01,  -7.467268e+00,  -1.030094e+02,  -7.467268e+00,  -1.030094e+02,  -8.574850e-01,  -1.300944e+01
   9.100000e+09,  -8.651946e-01,  -1.331593e+01,  -7.432123e+00,  -1.033159e+02,  -7.432123e+00,  -1.033159e+02,  -8.651946e-01,  -1.331593e+01
   9.150000e+09,  -8.731981e-01,  -1.362482e+01,  -7.396002e+00,  -1.036248e+02,  -7.396002e+00,  -1.036248e+02,  -8.731981e-01,  -1.362482e+01
   9.200000e+09,  -8.815042e-01,  -1.393621e+01,  -7.358899e+00,  -1.039362e+02,  -7.358899e+00,  -1.039362e+02,  -8.815042e-01,  -1.393621e+01
   9.250000e+09,  -8.901224e-01,  -1.425019e+01,  -7.320808e+00,  -1.042502e+02,  -7.320808e+00,  -1.042502e+02,  -8.901224e-01,  -1.425019e+01
   9.300000e+09,  -8.990625e-01,  -1.456685e+01,  -7.281723e+00,  -1.045669e+02,  -7.281723e+00,  -1.045669e+02,  -8.990625e-01,  -1.456685e+01
   9.350000e+09,  -9.083352e-01,  -1.488630e+01,  -7.241636e+00,  -1.048863e+02,  -7.241636e+00,  -1.048863e+02,  -9.083352e-01,  -1.488630e+01
   9.400000e+09,  -9.179516e-01,  -1.520864e+01,  -7.200540e+00,  -1.052086e+02,  -7.200540e+00,  -1.052086e+02,  -9.179516e-01,  -1.520864e+01
   9.450000e+09,  -9.279238e-01,  -1.553399e+01,  -7.158424e+00,  -1.055340e+02,  -7.158424e+00,  -1.055340e+02,  -9.279238e-01,  -1.553399e+01
   9.500000e+09,  -9.382648e-01,  -1.586246e+01,  -7.115279e+00,  -1.058625e+02,  -7.115279e+00,  -1.058625e+02,  -9.382648e-01,  -1.586246e+01
   9.550000e+09,  -9.489886e-01,  -1.619419e+01,  -7.071091e+00,  -1.061942e+02,  -7.071091e+00,  -1.061942e+02,  -9.489886e-01,  -1.619419e+01
   9.600000e+09,  -9.601109e-01,  -1.652931e+01,  -7.025844e+00,  -1.065293e+02,  -7.025844e+00,  -1.065293e+02,  -9.601109e-01,  -1.652931e+01
   9.650000e+09,  -9.716489e-01,  -1.686799e+01,  -6.979520e+00,  -1.068680e+02,  -6.979520e+00,  -1.068680e+02,  -9.716489e-01,  -1.686799e+01
   9.700000e+09,  -9.836225e-01,  -1.721041e+01,  -6.932091e+00,  -1.072104e+02,  -6.932091e+00,  -1.072104e+02,  -9.836225e-01,  -1.721041e+01
   9.750000e+09,  -9.960552e-01,  -1.755680e+01,  -6.883522e+00,  -1.075568e+02,  -6.883522e+00,  -1.075568e+02,  -9.960552e-01,  -1.755680e+01
   9.800000e+09,  -1.008976e+00,  -1.790745e+01,  -6.833759e+00,  -1.079074e+02,  -6.833759e+00,  -1.079074e+02,  -1.008976e+00,  -1.790745e+01
   9.850000e+09,  -1.022424e+00,  -1.826275e+01,  -6.782719e+00,  -1.082627e+02,  -6.782719e+00,  -1.082627e+02,  -1.022424e+00,  -1.826275e+01
   9.900000e+09,  -1.036456e+00,  -1.862331e+01,  -6.730262e+00,  -1.086233e+02,  -6.730262e+00,  -1.086233e+02,  -1.036456e+00,  -1.862331e+01
   9.950000e+09,  -1.051163e+00,  -1.899018e+01,  -6.676127e+00,  -1.089902e+02,  -6.676127e+00,  -1.089902e+02,  -1.051163e+00,  -1.899018e+01
   1.000000e+10,  -1.066728e+00,  -1.936546e+01,  -6.619759e+00,  -1.093655e+02,  -6.619759e+00,  -1.093655e+02,  -1.066728e+00,  -1.936546e+01
