   1.090000e+09,  0.000000e+00,  1.894243e-03,  0.000000e+00,  -5.599846e-03,  0.000000e+00,  -5.599677e-03,  0.000000e+00,  1.894141e-03
   1.180000e+09,  0.000000e+00,  2.891842e-03,  0.000000e+00,  -5.635433e-03,  0.000000e+00,  -5.635234e-03,  0.000000e+00,  2.891742e-03
   1.270000e+09,  0.000000e+00,  3.948479e-03,  0.000000e+00,  -5.768286e-03,  0.000000e+00,  -5.768052e-03,  0.000000e+00,  3.948388e-03
   1.360000e+09,  0.000000e+00,  5.100664e-03,  0.000000e+00,  -6.010176e-03,  0.000000e+00,  -6.009897e-03,  0.000000e+00,  5.100589e-03
   1.450000e+09,  0.000000e+00,  6.394905e-03,  0.000000e+00,  -6.383902e-03,  0.000000e+00,  -6.383568e-03,  0.000000e+00,  6.394861e-03
   1.540000e+09,  0.000000e+00,  7.895403e-03,  0.000000e+00,  -6.928648e-03,  0.000000e+00,  -6.928242e-03,  0.000000e+00,  7.895410e-03
   1.630000e+09,  0.000000e+00,  9.697397e-03,  0.000000e+00,  -7.710694e-03,  0.000000e+00,  -7.710191e-03,  0.000000e+00,  9.697489e-03
   1.720000e+09,  0.000000e+00,  1.195285e-02,  0.000000e+00,  -8.845531e-03,  0.000000e+00,  -8.844893e-03,  0.000000e+00,  1.195309e-02
   1.810000e+09,  0.000000e+00,  1.492531e-02,  0.000000e+00,  -1.054720e-02,  0.000000e+00,  -1.054637e-02,  -0.000000e+00,  1.492579e-02
   1.900000e+09,  0.000000e+00,  1.912324e-02,  0.000000e+00,  -1.325222e-02,  0.000000e+00,  -1.325107e-02,  -0.000000e+00,  1.912418e-02
   1.990000e+09,  0.000000e+00,  2.568767e-02,  0.000000e+00,  -1.798968e-02,  0.000000e+00,  -1.798800e-02,  -0.000000e+00,  2.568952e-02
   2.080000e+09,  0.000000e+00,  3.787968e-02,  0.000000e+00,  -2.783315e-02,  0.000000e+00,  -2.783035e-02,  -0.000000e+00,  3.788367e-02
   2.170000e+09,  0.000000e+00,  7.072473e-02,  0.000000e+00,  -5.746528e-02,  0.000000e+00,  -5.745909e-02,  -0.000000e+00,  7.073595e-02
   2.260000e+09,  0.000000e+00,  8.468472e-01,  0.000000e+00,  -8.289320e-01,  0.000000e+00,  -8.288371e-01,  -0.000000e+00,  8.470642e-01
   2.350000e+09,  0.000000e+00,  -6.452905e-02,  -0.000000e+00,  9.078562e-02,  -0.000000e+00,  9.077467e-02,  0.000000e+00,  -6.456070e-02
   2.440000e+09,  0.000000e+00,  -1.559280e-02,  -0.000000e+00,  5.933105e-02,  0.000000e+00,  5.932359e-02,  0.000000e+00,  -1.562033e-02
   2.530000e+09,  -0.000000e+00,  3.058213e-02,  -0.000000e+00,  8.014914e-02,  0.000000e+00,  8.013884e-02,  0.000000e+00,  3.053230e-02
   2.620000e+09,  0.000000e+00,  -1.497576e-01,  0.000000e+00,  -1.126151e-01,  0.000000e+00,  -1.126008e-01,  0.000000e+00,  -1.496623e-01
   2.710000e+09,  0.000000e+00,  -4.610725e-02,  0.000000e+00,  -1.649391e-02,  0.000000e+00,  -1.649198e-02,  0.000000e+00,  -4.608770e-02
   2.800000e+09,  0.000000e+00,  -3.029736e-02,  0.000000e+00,  -5.792118e-03,  0.000000e+00,  -5.791642e-03,  0.000000e+00,  -3.028737e-02
   2.890000e+09,  0.000000e+00,  -2.298233e-02,  0.000000e+00,  -2.506743e-03,  0.000000e+00,  -2.506848e-03,  0.000000e+00,  -2.297619e-02
   2.980000e+09,  0.000000e+00,  -1.456674e-01,  0.000000e+00,  1.258506e-01,  -0.000000e+00,  1.259024e-01,  0.000000e+00,  -1.454943e-01
   3.070000e+09,  0.000000e+00,  -1.683091e-02,  -0.000000e+00,  8.166274e-04,  0.000000e+00,  8.165740e-04,  0.000000e+00,  -1.682631e-02
   3.160000e+09,  0.000000e+00,  -1.444377e-02,  -0.000000e+00,  1.030693e-03,  0.000000e+00,  1.030463e-03,  0.000000e+00,  -1.444018e-02
   3.250000e+09,  0.000000e+00,  -1.268260e-02,  -0.000000e+00,  1.231160e-03,  0.000000e+00,  1.230841e-03,  0.000000e+00,  -1.267961e-02
   3.340000e+09,  0.000000e+00,  -1.127251e-02,  -0.000000e+00,  1.378940e-03,  -0.000000e+00,  1.378559e-03,  0.000000e+00,  -1.126992e-02
   3.430000e+09,  0.000000e+00,  -1.009605e-02,  -0.000000e+00,  1.492311e-03,  0.000000e+00,  1.491881e-03,  0.000000e+00,  -1.009375e-02
   3.520000e+09,  0.000000e+00,  -9.084733e-03,  -0.000000e+00,  1.587310e-03,  -0.000000e+00,  1.586835e-03,  0.000000e+00,  -9.082659e-03
   3.610000e+09,  0.000000e+00,  -8.193562e-03,  -0.000000e+00,  1.675343e-03,  -0.000000e+00,  1.674824e-03,  0.000000e+00,  -8.191666e-03
   3.700000e+09,  0.000000e+00,  -7.390677e-03,  0.000000e+00,  1.764773e-03,  0.000000e+00,  1.764208e-03,  0.000000e+00,  -7.388923e-03
   3.790000e+09,  0.000000e+00,  -6.652007e-03,  -0.000000e+00,  1.862373e-03,  0.000000e+00,  1.861757e-03,  0.000000e+00,  -6.650369e-03
   3.880000e+09,  0.000000e+00,  -5.958105e-03,  -0.000000e+00,  1.974418e-03,  0.000000e+00,  1.973743e-03,  0.000000e+00,  -5.956562e-03
   3.970000e+09,  0.000000e+00,  -5.291987e-03,  0.000000e+00,  2.107597e-03,  0.000000e+00,  2.106855e-03,  0.000000e+00,  -5.290523e-03
   4.060000e+09,  0.000000e+00,  -4.637383e-03,  -0.000000e+00,  2.269962e-03,  0.000000e+00,  2.269139e-03,  0.000000e+00,  -4.635985e-03
   4.150000e+09,  0.000000e+00,  -3.976974e-03,  -0.000000e+00,  2.472150e-03,  0.000000e+00,  2.471229e-03,  0.000000e+00,  -3.975631e-03
   4.240000e+09,  0.000000e+00,  -3.290127e-03,  -0.000000e+00,  2.729261e-03,  0.000000e+00,  2.728216e-03,  0.000000e+00,  -3.288831e-03
   4.330000e+09,  0.000000e+00,  -2.549389e-03,  0.000000e+00,  3.064089e-03,  0.000000e+00,  3.062885e-03,  0.000000e+00,  -2.548131e-03
   4.420000e+09,  0.000000e+00,  -1.714155e-03,  -0.000000e+00,  3.513248e-03,  -0.000000e+00,  3.511833e-03,  0.000000e+00,  -1.712929e-03
   4.510000e+09,  0.000000e+00,  -7.177830e-04,  -0.000000e+00,  4.139901e-03,  -0.000000e+00,  4.138195e-03,  0.000000e+00,  -7.165819e-04
   4.600000e+09,  -0.000000e+00,  5.622149e-04,  -0.000000e+00,  5.063450e-03,  -0.000000e+00,  5.061315e-03,  -0.000000e+00,  5.633964e-04
   4.690000e+09,  0.000000e+00,  2.384899e-03,  0.000000e+00,  6.540177e-03,  0.000000e+00,  6.537360e-03,  0.000000e+00,  2.386067e-03
   4.780000e+09,  0.000000e+00,  5.420670e-03,  0.000000e+00,  9.237989e-03,  -0.000000e+00,  9.233931e-03,  -0.000000e+00,  5.421831e-03
   4.870000e+09,  0.000000e+00,  1.213025e-02,  0.000000e+00,  1.561564e-02,  -0.000000e+00,  1.560865e-02,  -0.000000e+00,  1.213141e-02
   4.960000e+09,  0.000000e+00,  4.494224e-02,  0.000000e+00,  4.810442e-02,  0.000000e+00,  4.808250e-02,  0.000000e+00,  4.494347e-02
   5.050000e+09,  0.000000e+00,  -5.047889e-02,  0.000000e+00,  -4.766938e-02,  0.000000e+00,  -4.764729e-02,  0.000000e+00,  -5.047785e-02
   5.140000e+09,  0.000000e+00,  -1.894764e-02,  0.000000e+00,  -1.646399e-02,  0.000000e+00,  -1.645624e-02,  0.000000e+00,  -1.894654e-02
   5.230000e+09,  0.000000e+00,  -1.235221e-02,  0.000000e+00,  -1.020551e-02,  0.000000e+00,  -1.020064e-02,  0.000000e+00,  -1.235109e-02
   5.320000e+09,  0.000000e+00,  -9.362708e-03,  0.000000e+00,  -7.562304e-03,  0.000000e+00,  -7.558650e-03,  0.000000e+00,  -9.361568e-03
   5.410000e+09,  0.000000e+00,  -7.575585e-03,  0.000000e+00,  -6.133865e-03,  0.000000e+00,  -6.130866e-03,  0.000000e+00,  -7.574424e-03
   5.500000e+09,  0.000000e+00,  -6.330993e-03,  0.000000e+00,  -5.264417e-03,  0.000000e+00,  -5.261817e-03,  0.000000e+00,  -6.329808e-03
   5.590000e+09,  0.000000e+00,  -5.372670e-03,  0.000000e+00,  -4.702715e-03,  0.000000e+00,  -4.700372e-03,  0.000000e+00,  -5.371455e-03
   5.680000e+09,  0.000000e+00,  -4.578696e-03,  0.000000e+00,  -4.333064e-03,  0.000000e+00,  -4.330889e-03,  0.000000e+00,  -4.577445e-03
   5.770000e+09,  0.000000e+00,  -3.881946e-03,  0.000000e+00,  -4.096217e-03,  0.000000e+00,  -4.094149e-03,  0.000000e+00,  -3.880651e-03
   5.860000e+09,  0.000000e+00,  -3.240483e-03,  0.000000e+00,  -3.960439e-03,  0.000000e+00,  -3.958430e-03,  0.000000e+00,  -3.239134e-03
   5.950000e+09,  0.000000e+00,  -2.624473e-03,  0.000000e+00,  -3.909447e-03,  0.000000e+00,  -3.907458e-03,  0.000000e+00,  -2.623060e-03
   6.040000e+09,  0.000000e+00,  -2.009364e-03,  0.000000e+00,  -3.937193e-03,  0.000000e+00,  -3.935188e-03,  0.000000e+00,  -2.007870e-03
   6.130000e+09,  0.000000e+00,  -1.371428e-03,  0.000000e+00,  -4.046015e-03,  0.000000e+00,  -4.043955e-03,  0.000000e+00,  -1.369835e-03
   6.220000e+09,  0.000000e+00,  -6.837799e-04,  0.000000e+00,  -4.247087e-03,  0.000000e+00,  -4.244930e-03,  0.000000e+00,  -6.820626e-04
   6.310000e+09,  -0.000000e+00,  8.865126e-05,  0.000000e+00,  -4.563334e-03,  0.000000e+00,  -4.561026e-03,  0.000000e+00,  9.052843e-05
   6.400000e+09,  -0.000000e+00,  9.974006e-04,  0.000000e+00,  -5.036351e-03,  0.000000e+00,  -5.033820e-03,  0.000000e+00,  9.994889e-04
   6.490000e+09,  0.000000e+00,  2.126724e-03,  0.000000e+00,  -5.741721e-03,  0.000000e+00,  -5.738862e-03,  0.000000e+00,  2.129102e-03
   6.580000e+09,  0.000000e+00,  3.630484e-03,  0.000000e+00,  -6.825176e-03,  0.000000e+00,  -6.821817e-03,  0.000000e+00,  3.633281e-03
   6.670000e+09,  -0.000000e+00,  5.830420e-03,  0.000000e+00,  -8.600230e-03,  0.000000e+00,  -8.596058e-03,  0.000000e+00,  5.833871e-03
   6.760000e+09,  -0.000000e+00,  9.543316e-03,  0.000000e+00,  -1.187475e-02,  0.000000e+00,  -1.186910e-02,  0.000000e+00,  9.547935e-03
   6.850000e+09,  -0.000000e+00,  1.765940e-02,  0.000000e+00,  -1.952907e-02,  0.000000e+00,  -1.951997e-02,  0.000000e+00,  1.766668e-02
   6.940000e+09,  -0.000000e+00,  5.341082e-02,  0.000000e+00,  -5.479029e-02,  0.000000e+00,  -5.476540e-02,  0.000000e+00,  5.343012e-02
   7.030000e+09,  0.000000e+00,  -7.464842e-02,  0.000000e+00,  7.388224e-02,  -0.000000e+00,  7.384971e-02,  0.000000e+00,  -7.467261e-02
   7.120000e+09,  0.000000e+00,  -2.344118e-02,  0.000000e+00,  2.330500e-02,  -0.000000e+00,  2.329511e-02,  0.000000e+00,  -2.344814e-02
   7.210000e+09,  0.000000e+00,  -1.396009e-02,  0.000000e+00,  1.460162e-02,  -0.000000e+00,  1.459570e-02,  0.000000e+00,  -1.396396e-02
   7.300000e+09,  0.000000e+00,  -9.644865e-03,  -0.000000e+00,  1.127153e-02,  0.000000e+00,  1.126721e-02,  0.000000e+00,  -9.647420e-03
   7.390000e+09,  0.000000e+00,  -6.862054e-03,  -0.000000e+00,  9.815452e-03,  -0.000000e+00,  9.811938e-03,  0.000000e+00,  -6.863853e-03
   7.480000e+09,  0.000000e+00,  -4.531309e-03,  -0.000000e+00,  9.432304e-03,  -0.000000e+00,  9.429207e-03,  0.000000e+00,  -4.532571e-03
   7.570000e+09,  0.000000e+00,  -1.953154e-03,  0.000000e+00,  1.010964e-02,  -0.000000e+00,  1.010668e-02,  0.000000e+00,  -1.953938e-03
   7.660000e+09,  -0.000000e+00,  2.171159e-03,  -0.000000e+00,  1.281702e-02,  -0.000000e+00,  1.281378e-02,  -0.000000e+00,  2.170999e-03
   7.750000e+09,  0.000000e+00,  1.522028e-02,  0.000000e+00,  2.476022e-02,  0.000000e+00,  2.475519e-02,  0.000000e+00,  1.522186e-02
   7.840000e+09,  0.000000e+00,  -6.614887e-02,  0.000000e+00,  -5.752011e-02,  0.000000e+00,  -5.751186e-02,  0.000000e+00,  -6.615786e-02
   7.930000e+09,  0.000000e+00,  -1.797240e-02,  0.000000e+00,  -1.009184e-02,  0.000000e+00,  -1.009114e-02,  0.000000e+00,  -1.797514e-02
   8.020000e+09,  0.000000e+00,  -1.202201e-02,  0.000000e+00,  -4.796665e-03,  0.000000e+00,  -4.796783e-03,  0.000000e+00,  -1.202405e-02
   8.110000e+09,  0.000000e+00,  -9.508732e-03,  0.000000e+00,  -2.877058e-03,  0.000000e+00,  -2.877482e-03,  0.000000e+00,  -9.510570e-03
   8.200000e+09,  0.000000e+00,  -8.015311e-03,  0.000000e+00,  -1.957089e-03,  0.000000e+00,  -1.957699e-03,  0.000000e+00,  -8.017194e-03
   8.290000e+09,  0.000000e+00,  -6.927047e-03,  0.000000e+00,  -1.500379e-03,  0.000000e+00,  -1.501187e-03,  0.000000e+00,  -6.929289e-03
   8.380000e+09,  0.000000e+00,  -5.885958e-03,  0.000000e+00,  -1.448194e-03,  0.000000e+00,  -1.449424e-03,  0.000000e+00,  -5.889487e-03
   8.470000e+09,  0.000000e+00,  -8.187430e-04,  0.000000e+00,  -5.675073e-03,  0.000000e+00,  -5.681927e-03,  0.000000e+00,  -8.422359e-04
   8.560000e+09,  0.000000e+00,  -6.431720e-03,  0.000000e+00,  5.801176e-04,  0.000000e+00,  5.808647e-04,  0.000000e+00,  -6.427920e-03
   8.650000e+09,  0.000000e+00,  -5.524748e-03,  0.000000e+00,  2.218503e-04,  0.000000e+00,  2.219724e-04,  0.000000e+00,  -5.523095e-03
   8.740000e+09,  0.000000e+00,  -5.016379e-03,  0.000000e+00,  1.831048e-04,  0.000000e+00,  1.830398e-04,  0.000000e+00,  -5.015319e-03
   8.830000e+09,  0.000000e+00,  -4.621444e-03,  0.000000e+00,  2.020479e-04,  0.000000e+00,  2.018924e-04,  0.000000e+00,  -4.620635e-03
   8.920000e+09,  0.000000e+00,  -4.283131e-03,  -0.000000e+00,  2.377460e-04,  -0.000000e+00,  2.375361e-04,  0.000000e+00,  -4.282445e-03
   9.010000e+09,  0.000000e+00,  -3.979499e-03,  -0.000000e+00,  2.799469e-04,  0.000000e+00,  2.796993e-04,  0.000000e+00,  -3.978872e-03
   9.100000e+09,  0.000000e+00,  -3.698799e-03,  -0.000000e+00,  3.261179e-04,  0.000000e+00,  3.258411e-04,  0.000000e+00,  -3.698194e-03
   9.190000e+09,  0.000000e+00,  -3.433285e-03,  -0.000000e+00,  3.763654e-04,  0.000000e+00,  3.760634e-04,  0.000000e+00,  -3.432679e-03
   9.280000e+09,  0.000000e+00,  -3.176969e-03,  -0.000000e+00,  4.320233e-04,  0.000000e+00,  4.316974e-04,  0.000000e+00,  -3.176340e-03
   9.370000e+09,  0.000000e+00,  -2.924507e-03,  0.000000e+00,  4.953105e-04,  -0.000000e+00,  4.949601e-04,  0.000000e+00,  -2.923838e-03
   9.460000e+09,  0.000000e+00,  -2.670429e-03,  0.000000e+00,  5.694382e-04,  -0.000000e+00,  5.690610e-04,  0.000000e+00,  -2.669704e-03
   9.550000e+09,  0.000000e+00,  -2.408362e-03,  -0.000000e+00,  6.590550e-04,  -0.000000e+00,  6.586466e-04,  0.000000e+00,  -2.407559e-03
   9.640000e+09,  0.000000e+00,  -2.129926e-03,  0.000000e+00,  7.711559e-04,  -0.000000e+00,  7.707097e-04,  0.000000e+00,  -2.129019e-03
   9.730000e+09,  0.000000e+00,  -1.822840e-03,  0.000000e+00,  9.168673e-04,  -0.000000e+00,  9.163727e-04,  0.000000e+00,  -1.821793e-03
   9.820000e+09,  0.000000e+00,  -1.467131e-03,  -0.000000e+00,  1.115167e-03,  -0.000000e+00,  1.114608e-03,  0.000000e+00,  -1.465892e-03
   9.910000e+09,  0.000000e+00,  -1.026500e-03,  -0.000000e+00,  1.401476e-03,  -0.000000e+00,  1.400825e-03,  0.000000e+00,  -1.024982e-03
   1.000000e+10,  0.000000e+00,  -4.253473e-04,  0.000000e+00,  1.850607e-03,  -0.000000e+00,  1.849814e-03,  0.000000e+00,  -4.233931e-04
