   5.000000e+07,  0.000000e+00,  -3.705983e-01,  -0.000000e+00,  3.706237e-01,  -0.000000e+00,  3.706237e-01,  0.000000e+00,  -3.705983e-01
   1.000000e+08,  0.000000e+00,  -1.852723e-01,  -0.000000e+00,  1.853232e-01,  -0.000000e+00,  1.853232e-01,  0.000000e+00,  -1.852723e-01
   1.500000e+08,  0.000000e+00,  -1.234851e-01,  -0.000000e+00,  1.235613e-01,  -0.000000e+00,  1.235613e-01,  0.000000e+00,  -1.234851e-01
   2.000000e+08,  0.000000e+00,  -9.258255e-02,  -0.000000e+00,  9.268419e-02,  -0.000000e+00,  9.268419e-02,  0.000000e+00,  -9.258255e-02
   2.500000e+08,  0.000000e+00,  -7.403386e-02,  -0.000000e+00,  7.416093e-02,  -0.000000e+00,  7.416093e-02,  0.000000e+00,  -7.403386e-02
   3.000000e+08,  0.000000e+00,  -6.166210e-02,  -0.000000e+00,  6.181460e-02,  -0.000000e+00,  6.181460e-02,  0.000000e+00,  -6.166210e-02
   3.500000e+08,  0.000000e+00,  -5.282002e-02,  -0.000000e+00,  5.299796e-02,  -0.000000e+00,  5.299796e-02,  0.000000e+00,  -5.282002e-02
   4.000000e+08,  0.000000e+00,  -4.618398e-02,  -0.000000e+00,  4.638737e-02,  -0.000000e+00,  4.638737e-02,  0.000000e+00,  -4.618398e-02
   4.500000e+08,  0.000000e+00,  -4.101864e-02,  -0.000000e+00,  4.124748e-02,  -0.000000e+00,  4.124748e-02,  0.000000e+00,  -4.101864e-02
   5.000000e+08,  0.000000e+00,  -3.688277e-02,  -0.000000e+00,  3.713709e-02,  -0.000000e+00,  3.713709e-02,  0.000000e+00,  -3.688277e-02
   5.500000e+08,  0.000000e+00,  -3.349562e-02,  -0.000000e+00,  3.377542e-02,  -0.000000e+00,  3.377542e-02,  0.000000e+00,  -3.349562e-02
   6.000000e+08,  0.000000e+00,  -3.067000e-02,  -0.000000e+00,  3.097530e-02,  -0.000000e+00,  3.097530e-02,  0.000000e+00,  -3.067000e-02
   6.500000e+08,  0.000000e+00,  -2.827633e-02,  -0.000000e+00,  2.860714e-02,  -0.000000e+00,  2.860714e-02,  0.000000e+00,  -2.827633e-02
   7.000000e+08,  0.000000e+00,  -2.622203e-02,  -0.000000e+00,  2.657839e-02,  -0.000000e+00,  2.657839e-02,  0.000000e+00,  -2.622203e-02
   7.500000e+08,  0.000000e+00,  -2.443924e-02,  -0.000000e+00,  2.482115e-02,  -0.000000e+00,  2.482115e-02,  0.000000e+00,  -2.443924e-02
   8.000000e+08,  0.000000e+00,  -2.287704e-02,  -0.000000e+00,  2.328453e-02,  -0.000000e+00,  2.328453e-02,  0.000000e+00,  -2.287704e-02
   8.500000e+08,  0.000000e+00,  -2.149651e-02,  -0.000000e+00,  2.192960e-02,  -0.000000e+00,  2.192960e-02,  0.000000e+00,  -2.149651e-02
   9.000000e+08,  0.000000e+00,  -2.026736e-02,  -0.000000e+00,  2.072607e-02,  -0.000000e+00,  2.072607e-02,  0.000000e+00,  -2.026736e-02
   9.500000e+08,  0.000000e+00,  -1.916568e-02,  -0.000000e+00,  1.965004e-02,  -0.000000e+00,  1.965004e-02,  0.000000e+00,  -1.916568e-02
   1.000000e+09,  0.000000e+00,  -1.817236e-02,  -0.000000e+00,  1.868240e-02,  -0.000000e+00,  1.868240e-02,  0.000000e+00,  -1.817236e-02
   1.050000e+09,  0.000000e+00,  -1.727191e-02,  -0.000000e+00,  1.780765e-02,  -0.000000e+00,  1.780765e-02,  0.000000e+00,  -1.727191e-02
   1.100000e+09,  0.000000e+00,  -1.645166e-02,  -0.000000e+00,  1.701314e-02,  -0.000000e+00,  1.701314e-02,  0.000000e+00,  -1.645166e-02
   1.150000e+09,  0.000000e+00,  -1.570116e-02,  -0.000000e+00,  1.628840e-02,  -0.000000e+00,  1.628840e-02,  0.000000e+00,  -1.570116e-02
   1.200000e+09,  0.000000e+00,  -1.501167e-02,  -0.000000e+00,  1.562471e-02,  -0.000000e+00,  1.562471e-02,  0.000000e+00,  -1.501167e-02
   1.250000e+09,  0.000000e+00,  -1.437588e-02,  -0.000000e+00,  1.501475e-02,  -0.000000e+00,  1.501475e-02,  0.000000e+00,  -1.437588e-02
   1.300000e+09,  0.000000e+00,  -1.378758e-02,  -0.000000e+00,  1.445232e-02,  -0.000000e+00,  1.445232e-02,  0.000000e+00,  -1.378758e-02
   1.350000e+09,  0.000000e+00,  -1.324149e-02,  -0.000000e+00,  1.393214e-02,  -0.000000e+00,  1.393214e-02,  0.000000e+00,  -1.324149e-02
   1.400000e+09,  0.000000e+00,  -1.273310e-02,  -0.000000e+00,  1.344969e-02,  -0.000000e+00,  1.344969e-02,  0.000000e+00,  -1.273310e-02
   1.450000e+09,  0.000000e+00,  -1.225849e-02,  -0.000000e+00,  1.300107e-02,  -0.000000e+00,  1.300107e-02,  0.000000e+00,  -1.225849e-02
   1.500000e+09,  0.000000e+00,  -1.181429e-02,  -0.000000e+00,  1.258290e-02,  -0.000000e+00,  1.258290e-02,  0.000000e+00,  -1.181429e-02
   1.550000e+09,  0.000000e+00,  -1.139755e-02,  -0.000000e+00,  1.219223e-02,  -0.000000e+00,  1.219223e-02,  0.000000e+00,  -1.139755e-02
   1.600000e+09,  0.000000e+00,  -1.100570e-02,  -0.000000e+00,  1.182649e-02,  -0.000000e+00,  1.182649e-02,  0.000000e+00,  -1.100570e-02
   1.650000e+09,  0.000000e+00,  -1.063646e-02,  -0.000000e+00,  1.148341e-02,  -0.000000e+00,  1.148341e-02,  0.000000e+00,  -1.063646e-02
   1.700000e+09,  0.000000e+00,  -1.028783e-02,  -0.000000e+00,  1.116100e-02,  -0.000000e+00,  1.116100e-02,  0.000000e+00,  -1.028783e-02
   1.750000e+09,  0.000000e+00,  -9.958062e-03,  -0.000000e+00,  1.085749e-02,  -0.000000e+00,  1.085749e-02,  0.000000e+00,  -9.958062e-03
   1.800000e+09,  0.000000e+00,  -9.645564e-03,  -0.000000e+00,  1.057131e-02,  -0.000000e+00,  1.057131e-02,  0.000000e+00,  -9.645564e-03
   1.850000e+09,  0.000000e+00,  -9.348938e-03,  -0.000000e+00,  1.030104e-02,  -0.000000e+00,  1.030104e-02,  0.000000e+00,  -9.348938e-03
   1.900000e+09,  0.000000e+00,  -9.066926e-03,  -0.000000e+00,  1.004545e-02,  -0.000000e+00,  1.004545e-02,  0.000000e+00,  -9.066926e-03
   1.950000e+09,  0.000000e+00,  -8.798402e-03,  -0.000000e+00,  9.803404e-03,  -0.000000e+00,  9.803404e-03,  0.000000e+00,  -8.798401e-03
   2.000000e+09,  0.000000e+00,  -8.542350e-03,  -0.000000e+00,  9.573887e-03,  -0.000000e+00,  9.573887e-03,  0.000000e+00,  -8.542350e-03
   2.050000e+09,  0.000000e+00,  -8.297855e-03,  -0.000000e+00,  9.355987e-03,  -0.000000e+00,  9.355987e-03,  0.000000e+00,  -8.297855e-03
   2.100000e+09,  0.000000e+00,  -8.064089e-03,  -0.000000e+00,  9.148876e-03,  -0.000000e+00,  9.148876e-03,  0.000000e+00,  -8.064089e-03
   2.150000e+09,  0.000000e+00,  -7.840300e-03,  -0.000000e+00,  8.951806e-03,  -0.000000e+00,  8.951806e-03,  0.000000e+00,  -7.840300e-03
   2.200000e+09,  0.000000e+00,  -7.625803e-03,  -0.000000e+00,  8.764093e-03,  -0.000000e+00,  8.764093e-03,  0.000000e+00,  -7.625803e-03
   2.250000e+09,  0.000000e+00,  -7.419977e-03,  -0.000000e+00,  8.585117e-03,  -0.000000e+00,  8.585117e-03,  0.000000e+00,  -7.419977e-03
   2.300000e+09,  0.000000e+00,  -7.222252e-03,  -0.000000e+00,  8.414311e-03,  -0.000000e+00,  8.414311e-03,  0.000000e+00,  -7.222252e-03
   2.350000e+09,  0.000000e+00,  -7.032109e-03,  -0.000000e+00,  8.251156e-03,  -0.000000e+00,  8.251156e-03,  0.000000e+00,  -7.032109e-03
   2.400000e+09,  0.000000e+00,  -6.849070e-03,  -0.000000e+00,  8.095177e-03,  -0.000000e+00,  8.095177e-03,  0.000000e+00,  -6.849070e-03
   2.450000e+09,  0.000000e+00,  -6.672696e-03,  -0.000000e+00,  7.945938e-03,  -0.000000e+00,  7.945938e-03,  0.000000e+00,  -6.672696e-03
   2.500000e+09,  0.000000e+00,  -6.502586e-03,  -0.000000e+00,  7.803037e-03,  -0.000000e+00,  7.803037e-03,  0.000000e+00,  -6.502586e-03
   2.550000e+09,  0.000000e+00,  -6.338365e-03,  -0.000000e+00,  7.666105e-03,  -0.000000e+00,  7.666105e-03,  0.000000e+00,  -6.338365e-03
   2.600000e+09,  0.000000e+00,  -6.179693e-03,  -0.000000e+00,  7.534799e-03,  -0.000000e+00,  7.534799e-03,  0.000000e+00,  -6.179693e-03
   2.650000e+09,  0.000000e+00,  -6.026250e-03,  -0.000000e+00,  7.408804e-03,  -0.000000e+00,  7.408804e-03,  0.000000e+00,  -6.026250e-03
   2.700000e+09,  0.000000e+00,  -5.877744e-03,  -0.000000e+00,  7.287829e-03,  -0.000000e+00,  7.287829e-03,  0.000000e+00,  -5.877744e-03
   2.750000e+09,  0.000000e+00,  -5.733901e-03,  -0.000000e+00,  7.171602e-03,  -0.000000e+00,  7.171602e-03,  0.000000e+00,  -5.733901e-03
   2.800000e+09,  0.000000e+00,  -5.594468e-03,  -0.000000e+00,  7.059873e-03,  -0.000000e+00,  7.059873e-03,  0.000000e+00,  -5.594468e-03
   2.850000e+09,  0.000000e+00,  -5.459210e-03,  -0.000000e+00,  6.952407e-03,  -0.000000e+00,  6.952407e-03,  0.000000e+00,  -5.459210e-03
   2.900000e+09,  0.000000e+00,  -5.327907e-03,  -0.000000e+00,  6.848987e-03,  -0.000000e+00,  6.848987e-03,  0.000000e+00,  -5.327907e-03
   2.950000e+09,  0.000000e+00,  -5.200354e-03,  -0.000000e+00,  6.749411e-03,  -0.000000e+00,  6.749411e-03,  0.000000e+00,  -5.200354e-03
   3.000000e+09,  0.000000e+00,  -5.076360e-03,  -0.000000e+00,  6.653489e-03,  -0.000000e+00,  6.653489e-03,  0.000000e+00,  -5.076360e-03
   3.050000e+09,  0.000000e+00,  -4.955747e-03,  -0.000000e+00,  6.561045e-03,  -0.000000e+00,  6.561045e-03,  0.000000e+00,  -4.955747e-03
   3.100000e+09,  0.000000e+00,  -4.838347e-03,  -0.000000e+00,  6.471914e-03,  -0.000000e+00,  6.471914e-03,  0.000000e+00,  -4.838347e-03
   3.150000e+09,  0.000000e+00,  -4.724004e-03,  -0.000000e+00,  6.385941e-03,  -0.000000e+00,  6.385941e-03,  0.000000e+00,  -4.724004e-03
   3.200000e+09,  0.000000e+00,  -4.612571e-03,  -0.000000e+00,  6.302982e-03,  -0.000000e+00,  6.302982e-03,  0.000000e+00,  -4.612571e-03
   3.250000e+09,  0.000000e+00,  -4.503910e-03,  -0.000000e+00,  6.222900e-03,  -0.000000e+00,  6.222900e-03,  0.000000e+00,  -4.503910e-03
   3.300000e+09,  0.000000e+00,  -4.397890e-03,  -0.000000e+00,  6.145569e-03,  -0.000000e+00,  6.145569e-03,  0.000000e+00,  -4.397890e-03
   3.350000e+09,  0.000000e+00,  -4.294391e-03,  -0.000000e+00,  6.070868e-03,  -0.000000e+00,  6.070868e-03,  0.000000e+00,  -4.294391e-03
   3.400000e+09,  0.000000e+00,  -4.193296e-03,  -0.000000e+00,  5.998684e-03,  -0.000000e+00,  5.998684e-03,  0.000000e+00,  -4.193296e-03
   3.450000e+09,  0.000000e+00,  -4.094498e-03,  -0.000000e+00,  5.928913e-03,  -0.000000e+00,  5.928913e-03,  0.000000e+00,  -4.094498e-03
   3.500000e+09,  0.000000e+00,  -3.997894e-03,  -0.000000e+00,  5.861453e-03,  -0.000000e+00,  5.861453e-03,  0.000000e+00,  -3.997894e-03
   3.550000e+09,  0.000000e+00,  -3.903388e-03,  -0.000000e+00,  5.796211e-03,  -0.000000e+00,  5.796211e-03,  0.000000e+00,  -3.903388e-03
   3.600000e+09,  0.000000e+00,  -3.810888e-03,  -0.000000e+00,  5.733097e-03,  -0.000000e+00,  5.733097e-03,  0.000000e+00,  -3.810888e-03
   3.650000e+09,  0.000000e+00,  -3.720308e-03,  -0.000000e+00,  5.672028e-03,  -0.000000e+00,  5.672028e-03,  0.000000e+00,  -3.720308e-03
   3.700000e+09,  0.000000e+00,  -3.631565e-03,  -0.000000e+00,  5.612924e-03,  -0.000000e+00,  5.612924e-03,  0.000000e+00,  -3.631565e-03
   3.750000e+09,  0.000000e+00,  -3.544583e-03,  -0.000000e+00,  5.555711e-03,  -0.000000e+00,  5.555711e-03,  0.000000e+00,  -3.544583e-03
   3.800000e+09,  0.000000e+00,  -3.459288e-03,  -0.000000e+00,  5.500316e-03,  -0.000000e+00,  5.500316e-03,  0.000000e+00,  -3.459288e-03
   3.850000e+09,  0.000000e+00,  -3.375610e-03,  -0.000000e+00,  5.446675e-03,  -0.000000e+00,  5.446675e-03,  0.000000e+00,  -3.375610e-03
   3.900000e+09,  0.000000e+00,  -3.293482e-03,  -0.000000e+00,  5.394721e-03,  -0.000000e+00,  5.394721e-03,  0.000000e+00,  -3.293482e-03
   3.950000e+09,  0.000000e+00,  -3.212842e-03,  -0.000000e+00,  5.344396e-03,  -0.000000e+00,  5.344396e-03,  0.000000e+00,  -3.212842e-03
   4.000000e+09,  0.000000e+00,  -3.133630e-03,  -0.000000e+00,  5.295641e-03,  -0.000000e+00,  5.295641e-03,  0.000000e+00,  -3.133630e-03
   4.050000e+09,  0.000000e+00,  -3.055787e-03,  -0.000000e+00,  5.248403e-03,  -0.000000e+00,  5.248403e-03,  0.000000e+00,  -3.055787e-03
   4.100000e+09,  0.000000e+00,  -2.979261e-03,  -0.000000e+00,  5.202630e-03,  -0.000000e+00,  5.202630e-03,  0.000000e+00,  -2.979261e-03
   4.150000e+09,  0.000000e+00,  -2.903998e-03,  -0.000000e+00,  5.158273e-03,  -0.000000e+00,  5.158273e-03,  0.000000e+00,  -2.903998e-03
   4.200000e+09,  0.000000e+00,  -2.829950e-03,  -0.000000e+00,  5.115285e-03,  -0.000000e+00,  5.115285e-03,  0.000000e+00,  -2.829950e-03
   4.250000e+09,  0.000000e+00,  -2.757069e-03,  -0.000000e+00,  5.073622e-03,  -0.000000e+00,  5.073622e-03,  0.000000e+00,  -2.757069e-03
   4.300000e+09,  0.000000e+00,  -2.685309e-03,  -0.000000e+00,  5.033242e-03,  -0.000000e+00,  5.033242e-03,  0.000000e+00,  -2.685309e-03
   4.350000e+09,  0.000000e+00,  -2.614628e-03,  -0.000000e+00,  4.994104e-03,  -0.000000e+00,  4.994104e-03,  0.000000e+00,  -2.614628e-03
   4.400000e+09,  0.000000e+00,  -2.544985e-03,  -0.000000e+00,  4.956171e-03,  -0.000000e+00,  4.956171e-03,  0.000000e+00,  -2.544985e-03
   4.450000e+09,  0.000000e+00,  -2.476338e-03,  -0.000000e+00,  4.919406e-03,  -0.000000e+00,  4.919406e-03,  0.000000e+00,  -2.476338e-03
   4.500000e+09,  0.000000e+00,  -2.408651e-03,  -0.000000e+00,  4.883775e-03,  -0.000000e+00,  4.883775e-03,  0.000000e+00,  -2.408651e-03
   4.550000e+09,  0.000000e+00,  -2.341888e-03,  -0.000000e+00,  4.849243e-03,  -0.000000e+00,  4.849243e-03,  0.000000e+00,  -2.341888e-03
   4.600000e+09,  0.000000e+00,  -2.276012e-03,  -0.000000e+00,  4.815781e-03,  -0.000000e+00,  4.815781e-03,  0.000000e+00,  -2.276012e-03
   4.650000e+09,  0.000000e+00,  -2.210991e-03,  -0.000000e+00,  4.783357e-03,  -0.000000e+00,  4.783357e-03,  0.000000e+00,  -2.210991e-03
   4.700000e+09,  0.000000e+00,  -2.146793e-03,  -0.000000e+00,  4.751943e-03,  -0.000000e+00,  4.751943e-03,  0.000000e+00,  -2.146793e-03
   4.750000e+09,  0.000000e+00,  -2.083385e-03,  -0.000000e+00,  4.721512e-03,  -0.000000e+00,  4.721512e-03,  0.000000e+00,  -2.083385e-03
   4.800000e+09,  0.000000e+00,  -2.020740e-03,  -0.000000e+00,  4.692037e-03,  -0.000000e+00,  4.692037e-03,  0.000000e+00,  -2.020740e-03
   4.850000e+09,  0.000000e+00,  -1.958827e-03,  -0.000000e+00,  4.663495e-03,  -0.000000e+00,  4.663495e-03,  0.000000e+00,  -1.958827e-03
   4.900000e+09,  0.000000e+00,  -1.897620e-03,  -0.000000e+00,  4.635859e-03,  -0.000000e+00,  4.635859e-03,  0.000000e+00,  -1.897620e-03
   4.950000e+09,  0.000000e+00,  -1.837092e-03,  -0.000000e+00,  4.609109e-03,  -0.000000e+00,  4.609109e-03,  0.000000e+00,  -1.837092e-03
   5.000000e+09,  0.000000e+00,  -1.777216e-03,  -0.000000e+00,  4.583223e-03,  -0.000000e+00,  4.583223e-03,  0.000000e+00,  -1.777216e-03
   5.050000e+09,  0.000000e+00,  -1.717969e-03,  -0.000000e+00,  4.558179e-03,  -0.000000e+00,  4.558179e-03,  0.000000e+00,  -1.717969e-03
   5.100000e+09,  0.000000e+00,  -1.659326e-03,  -0.000000e+00,  4.533957e-03,  -0.000000e+00,  4.533957e-03,  0.000000e+00,  -1.659326e-03
   5.150000e+09,  0.000000e+00,  -1.601264e-03,  -0.000000e+00,  4.510540e-03,  -0.000000e+00,  4.510540e-03,  0.000000e+00,  -1.601264e-03
   5.200000e+09,  0.000000e+00,  -1.543761e-03,  -0.000000e+00,  4.487909e-03,  -0.000000e+00,  4.487909e-03,  0.000000e+00,  -1.543761e-03
   5.250000e+09,  0.000000e+00,  -1.486795e-03,  -0.000000e+00,  4.466046e-03,  -0.000000e+00,  4.466046e-03,  0.000000e+00,  -1.486795e-03
   5.300000e+09,  0.000000e+00,  -1.430345e-03,  -0.000000e+00,  4.444935e-03,  -0.000000e+00,  4.444935e-03,  0.000000e+00,  -1.430345e-03
   5.350000e+09,  0.000000e+00,  -1.374391e-03,  -0.000000e+00,  4.424561e-03,  -0.000000e+00,  4.424561e-03,  0.000000e+00,  -1.374391e-03
   5.400000e+09,  0.000000e+00,  -1.318913e-03,  -0.000000e+00,  4.404907e-03,  -0.000000e+00,  4.404907e-03,  0.000000e+00,  -1.318913e-03
   5.450000e+09,  0.000000e+00,  -1.263892e-03,  -0.000000e+00,  4.385961e-03,  -0.000000e+00,  4.385961e-03,  0.000000e+00,  -1.263892e-03
   5.500000e+09,  0.000000e+00,  -1.209310e-03,  -0.000000e+00,  4.367708e-03,  -0.000000e+00,  4.367708e-03,  0.000000e+00,  -1.209310e-03
   5.550000e+09,  0.000000e+00,  -1.155148e-03,  -0.000000e+00,  4.350136e-03,  -0.000000e+00,  4.350136e-03,  0.000000e+00,  -1.155148e-03
   5.600000e+09,  0.000000e+00,  -1.101389e-03,  -0.000000e+00,  4.333231e-03,  -0.000000e+00,  4.333231e-03,  0.000000e+00,  -1.101389e-03
   5.650000e+09,  0.000000e+00,  -1.048015e-03,  -0.000000e+00,  4.316982e-03,  -0.000000e+00,  4.316982e-03,  0.000000e+00,  -1.048015e-03
   5.700000e+09,  0.000000e+00,  -9.950114e-04,  -0.000000e+00,  4.301378e-03,  -0.000000e+00,  4.301378e-03,  0.000000e+00,  -9.950114e-04
   5.750000e+09,  0.000000e+00,  -9.423604e-04,  -0.000000e+00,  4.286408e-03,  -0.000000e+00,  4.286408e-03,  0.000000e+00,  -9.423604e-04
   5.800000e+09,  0.000000e+00,  -8.900466e-04,  -0.000000e+00,  4.272061e-03,  -0.000000e+00,  4.272061e-03,  0.000000e+00,  -8.900466e-04
   5.850000e+09,  0.000000e+00,  -8.380546e-04,  -0.000000e+00,  4.258328e-03,  -0.000000e+00,  4.258328e-03,  0.000000e+00,  -8.380546e-04
   5.900000e+09,  0.000000e+00,  -7.863694e-04,  -0.000000e+00,  4.245200e-03,  -0.000000e+00,  4.245200e-03,  0.000000e+00,  -7.863694e-04
   5.950000e+09,  0.000000e+00,  -7.349762e-04,  -0.000000e+00,  4.232667e-03,  -0.000000e+00,  4.232667e-03,  0.000000e+00,  -7.349762e-04
   6.000000e+09,  0.000000e+00,  -6.838607e-04,  -0.000000e+00,  4.220722e-03,  -0.000000e+00,  4.220722e-03,  0.000000e+00,  -6.838607e-04
   6.050000e+09,  0.000000e+00,  -6.330087e-04,  -0.000000e+00,  4.209357e-03,  -0.000000e+00,  4.209357e-03,  0.000000e+00,  -6.330087e-04
   6.100000e+09,  0.000000e+00,  -5.824064e-04,  -0.000000e+00,  4.198564e-03,  -0.000000e+00,  4.198564e-03,  0.000000e+00,  -5.824064e-04
   6.150000e+09,  0.000000e+00,  -5.320403e-04,  -0.000000e+00,  4.188336e-03,  -0.000000e+00,  4.188336e-03,  0.000000e+00,  -5.320403e-04
   6.200000e+09,  0.000000e+00,  -4.818972e-04,  -0.000000e+00,  4.178667e-03,  -0.000000e+00,  4.178667e-03,  0.000000e+00,  -4.818972e-04
   6.250000e+09,  0.000000e+00,  -4.319639e-04,  -0.000000e+00,  4.169550e-03,  -0.000000e+00,  4.169550e-03,  0.000000e+00,  -4.319639e-04
   6.300000e+09,  0.000000e+00,  -3.822275e-04,  -0.000000e+00,  4.160980e-03,  -0.000000e+00,  4.160980e-03,  0.000000e+00,  -3.822275e-04
   6.350000e+09,  0.000000e+00,  -3.326756e-04,  -0.000000e+00,  4.152950e-03,  -0.000000e+00,  4.152950e-03,  0.000000e+00,  -3.326756e-04
   6.400000e+09,  0.000000e+00,  -2.832956e-04,  -0.000000e+00,  4.145457e-03,  -0.000000e+00,  4.145457e-03,  0.000000e+00,  -2.832956e-04
   6.450000e+09,  0.000000e+00,  -2.340752e-04,  -0.000000e+00,  4.138495e-03,  -0.000000e+00,  4.138495e-03,  0.000000e+00,  -2.340752e-04
   6.500000e+09,  0.000000e+00,  -1.850025e-04,  -0.000000e+00,  4.132059e-03,  -0.000000e+00,  4.132059e-03,  0.000000e+00,  -1.850025e-04
   6.550000e+09,  0.000000e+00,  -1.360653e-04,  -0.000000e+00,  4.126147e-03,  -0.000000e+00,  4.126147e-03,  0.000000e+00,  -1.360653e-04
   6.600000e+09,  0.000000e+00,  -8.725203e-05,  -0.000000e+00,  4.120753e-03,  -0.000000e+00,  4.120753e-03,  0.000000e+00,  -8.725203e-05
   6.650000e+09,  0.000000e+00,  -3.855086e-05,  -0.000000e+00,  4.115876e-03,  -0.000000e+00,  4.115876e-03,  0.000000e+00,  -3.855085e-05
   6.700000e+09,  -0.000000e+00,  1.004974e-05,  -0.000000e+00,  4.111510e-03,  -0.000000e+00,  4.111510e-03,  -0.000000e+00,  1.004975e-05
   6.750000e+09,  -0.000000e+00,  5.856124e-05,  -0.000000e+00,  4.107655e-03,  -0.000000e+00,  4.107655e-03,  -0.000000e+00,  5.856125e-05
   6.800000e+09,  -0.000000e+00,  1.069950e-04,  -0.000000e+00,  4.104308e-03,  -0.000000e+00,  4.104308e-03,  -0.000000e+00,  1.069950e-04
   6.850000e+09,  -0.000000e+00,  1.553623e-04,  -0.000000e+00,  4.101466e-03,  -0.000000e+00,  4.101466e-03,  -0.000000e+00,  1.553623e-04
   6.900000e+09,  -0.000000e+00,  2.036744e-04,  -0.000000e+00,  4.099127e-03,  -0.000000e+00,  4.099127e-03,  -0.000000e+00,  2.036744e-04
   6.950000e+09,  -0.000000e+00,  2.519425e-04,  -0.000000e+00,  4.097291e-03,  -0.000000e+00,  4.097291e-03,  -0.000000e+00,  2.519425e-04
   7.000000e+09,  -0.000000e+00,  3.001776e-04,  -0.000000e+00,  4.095956e-03,  -0.000000e+00,  4.095956e-03,  -0.000000e+00,  3.001776e-04
   7.050000e+09,  -0.000000e+00,  3.483909e-04,  -0.000000e+00,  4.095122e-03,  -0.000000e+00,  4.095122e-03,  -0.000000e+00,  3.483909e-04
   7.100000e+09,  -0.000000e+00,  3.965935e-04,  -0.000000e+00,  4.094787e-03,  -0.000000e+00,  4.094787e-03,  -0.000000e+00,  3.965935e-04
   7.150000e+09,  -0.000000e+00,  4.447963e-04,  -0.000000e+00,  4.094952e-03,  -0.000000e+00,  4.094952e-03,  -0.000000e+00,  4.447963e-04
   7.200000e+09,  -0.000000e+00,  4.930104e-04,  -0.000000e+00,  4.095616e-03,  -0.000000e+00,  4.095616e-03,  -0.000000e+00,  4.930104e-04
   7.250000e+09,  -0.000000e+00,  5.412469e-04,  -0.000000e+00,  4.096780e-03,  -0.000000e+00,  4.096780e-03,  -0.000000e+00,  5.412469e-04
   7.300000e+09,  -0.000000e+00,  5.895169e-04,  -0.000000e+00,  4.098445e-03,  -0.000000e+00,  4.098445e-03,  -0.000000e+00,  5.895169e-04
   7.350000e+09,  -0.000000e+00,  6.378314e-04,  -0.000000e+00,  4.100612e-03,  -0.000000e+00,  4.100612e-03,  -0.000000e+00,  6.378314e-04
   7.400000e+09,  -0.000000e+00,  6.862016e-04,  -0.000000e+00,  4.103281e-03,  -0.000000e+00,  4.103281e-03,  -0.000000e+00,  6.862016e-04
   7.450000e+09,  -0.000000e+00,  7.346388e-04,  -0.000000e+00,  4.106455e-03,  -0.000000e+00,  4.106455e-03,  -0.000000e+00,  7.346388e-04
   7.500000e+09,  -0.000000e+00,  7.831541e-04,  -0.000000e+00,  4.110136e-03,  -0.000000e+00,  4.110136e-03,  -0.000000e+00,  7.831541e-04
   7.550000e+09,  -0.000000e+00,  8.317588e-04,  -0.000000e+00,  4.114325e-03,  -0.000000e+00,  4.114325e-03,  -0.000000e+00,  8.317588e-04
   7.600000e+09,  -0.000000e+00,  8.804645e-04,  -0.000000e+00,  4.119026e-03,  -0.000000e+00,  4.119026e-03,  -0.000000e+00,  8.804645e-04
   7.650000e+09,  -0.000000e+00,  9.292826e-04,  -0.000000e+00,  4.124241e-03,  -0.000000e+00,  4.124241e-03,  -0.000000e+00,  9.292827e-04
   7.700000e+09,  -0.000000e+00,  9.782248e-04,  -0.000000e+00,  4.129973e-03,  -0.000000e+00,  4.129973e-03,  -0.000000e+00,  9.782248e-04
   7.750000e+09,  -0.000000e+00,  1.027303e-03,  -0.000000e+00,  4.136226e-03,  -0.000000e+00,  4.136226e-03,  -0.000000e+00,  1.027303e-03
   7.800000e+09,  -0.000000e+00,  1.076528e-03,  -0.000000e+00,  4.143004e-03,  -0.000000e+00,  4.143004e-03,  -0.000000e+00,  1.076528e-03
   7.850000e+09,  -0.000000e+00,  1.125914e-03,  -0.000000e+00,  4.150310e-03,  -0.000000e+00,  4.150310e-03,  -0.000000e+00,  1.125914e-03
   7.900000e+09,  -0.000000e+00,  1.175471e-03,  -0.000000e+00,  4.158151e-03,  -0.000000e+00,  4.158151e-03,  -0.000000e+00,  1.175471e-03
   7.950000e+09,  -0.000000e+00,  1.225212e-03,  -0.000000e+00,  4.166529e-03,  -0.000000e+00,  4.166529e-03,  -0.000000e+00,  1.225212e-03
   8.000000e+09,  -0.000000e+00,  1.275151e-03,  -0.000000e+00,  4.175452e-03,  -0.000000e+00,  4.175452e-03,  -0.000000e+00,  1.275151e-03
   8.050000e+09,  -0.000000e+00,  1.325298e-03,  -0.000000e+00,  4.184924e-03,  -0.000000e+00,  4.184924e-03,  -0.000000e+00,  1.325298e-03
   8.100000e+09,  -0.000000e+00,  1.375669e-03,  -0.000000e+00,  4.194951e-03,  -0.000000e+00,  4.194951e-03,  -0.000000e+00,  1.375669e-03
   8.150000e+09,  -0.000000e+00,  1.426275e-03,  -0.000000e+00,  4.205540e-03,  -0.000000e+00,  4.205540e-03,  -0.000000e+00,  1.426275e-03
   8.200000e+09,  -0.000000e+00,  1.477130e-03,  -0.000000e+00,  4.216698e-03,  -0.000000e+00,  4.216698e-03,  -0.000000e+00,  1.477130e-03
   8.250000e+09,  -0.000000e+00,  1.528248e-03,  -0.000000e+00,  4.228432e-03,  -0.000000e+00,  4.228432e-03,  -0.000000e+00,  1.528248e-03
   8.300000e+09,  -0.000000e+00,  1.579642e-03,  -0.000000e+00,  4.240749e-03,  -0.000000e+00,  4.240749e-03,  -0.000000e+00,  1.579642e-03
   8.350000e+09,  -0.000000e+00,  1.631328e-03,  -0.000000e+00,  4.253658e-03,  -0.000000e+00,  4.253658e-03,  -0.000000e+00,  1.631328e-03
   8.400000e+09,  -0.000000e+00,  1.683319e-03,  -0.000000e+00,  4.267168e-03,  -0.000000e+00,  4.267168e-03,  -0.000000e+00,  1.683320e-03
   8.450000e+09,  -0.000000e+00,  1.735632e-03,  -0.000000e+00,  4.281287e-03,  -0.000000e+00,  4.281287e-03,  -0.000000e+00,  1.735632e-03
   8.500000e+09,  -0.000000e+00,  1.788280e-03,  -0.000000e+00,  4.296025e-03,  -0.000000e+00,  4.296025e-03,  -0.000000e+00,  1.788280e-03
   8.550000e+09,  -0.000000e+00,  1.841279e-03,  -0.000000e+00,  4.311392e-03,  -0.000000e+00,  4.311392e-03,  -0.000000e+00,  1.841279e-03
   8.600000e+09,  -0.000000e+00,  1.894646e-03,  -0.000000e+00,  4.327399e-03,  -0.000000e+00,  4.327399e-03,  -0.000000e+00,  1.894646e-03
   8.650000e+09,  -0.000000e+00,  1.948398e-03,  -0.000000e+00,  4.344057e-03,  -0.000000e+00,  4.344057e-03,  -0.000000e+00,  1.948398e-03
   8.700000e+09,  -0.000000e+00,  2.002550e-03,  -0.000000e+00,  4.361377e-03,  -0.000000e+00,  4.361377e-03,  -0.000000e+00,  2.002550e-03
   8.750000e+09,  -0.000000e+00,  2.057121e-03,  -0.000000e+00,  4.379372e-03,  -0.000000e+00,  4.379372e-03,  -0.000000e+00,  2.057121e-03
   8.800000e+09,  -0.000000e+00,  2.112129e-03,  -0.000000e+00,  4.398055e-03,  -0.000000e+00,  4.398055e-03,  -0.000000e+00,  2.112129e-03
   8.850000e+09,  -0.000000e+00,  2.167592e-03,  -0.000000e+00,  4.417439e-03,  -0.000000e+00,  4.417439e-03,  -0.000000e+00,  2.167592e-03
   8.900000e+09,  -0.000000e+00,  2.223529e-03,  -0.000000e+00,  4.437538e-03,  -0.000000e+00,  4.437538e-03,  -0.000000e+00,  2.223529e-03
   8.950000e+09,  -0.000000e+00,  2.279961e-03,  -0.000000e+00,  4.458369e-03,  -0.000000e+00,  4.458369e-03,  -0.000000e+00,  2.279961e-03
   9.000000e+09,  -0.000000e+00,  2.336906e-03,  -0.000000e+00,  4.479945e-03,  -0.000000e+00,  4.479945e-03,  -0.000000e+00,  2.336906e-03
   9.050000e+09,  -0.000000e+00,  2.394387e-03,  -0.000000e+00,  4.502285e-03,  -0.000000e+00,  4.502285e-03,  -0.000000e+00,  2.394387e-03
   9.100000e+09,  -0.000000e+00,  2.452426e-03,  -0.000000e+00,  4.525406e-03,  -0.000000e+00,  4.525406e-03,  -0.000000e+00,  2.452426e-03
   9.150000e+09,  -0.000000e+00,  2.511045e-03,  -0.000000e+00,  4.549325e-03,  -0.000000e+00,  4.549325e-03,  -0.000000e+00,  2.511045e-03
   9.200000e+09,  -0.000000e+00,  2.570268e-03,  -0.000000e+00,  4.574063e-03,  -0.000000e+00,  4.574063e-03,  -0.000000e+00,  2.570268e-03
   9.250000e+09,  -0.000000e+00,  2.630120e-03,  -0.000000e+00,  4.599640e-03,  -0.000000e+00,  4.599640e-03,  -0.000000e+00,  2.630120e-03
   9.300000e+09,  -0.000000e+00,  2.690627e-03,  -0.000000e+00,  4.626078e-03,  -0.000000e+00,  4.626078e-03,  -0.000000e+00,  2.690627e-03
   9.350000e+09,  -0.000000e+00,  2.751815e-03,  -0.000000e+00,  4.653400e-03,  -0.000000e+00,  4.653400e-03,  -0.000000e+00,  2.751815e-03
   9.400000e+09,  -0.000000e+00,  2.813714e-03,  -0.000000e+00,  4.681630e-03,  -0.000000e+00,  4.681630e-03,  -0.000000e+00,  2.813714e-03
   9.450000e+09,  -0.000000e+00,  2.876354e-03,  -0.000000e+00,  4.710796e-03,  -0.000000e+00,  4.710796e-03,  -0.000000e+00,  2.876354e-03
   9.500000e+09,  -0.000000e+00,  2.939767e-03,  -0.000000e+00,  4.740926e-03,  -0.000000e+00,  4.740926e-03,  -0.000000e+00,  2.939767e-03
   9.550000e+09,  -0.000000e+00,  3.003988e-03,  -0.000000e+00,  4.772051e-03,  -0.000000e+00,  4.772051e-03,  -0.000000e+00,  3.003988e-03
   9.600000e+09,  -0.000000e+00,  3.069056e-03,  -0.000000e+00,  4.804205e-03,  -0.000000e+00,  4.804205e-03,  -0.000000e+00,  3.069056e-03
   9.650000e+09,  -0.000000e+00,  3.135014e-03,  -0.000000e+00,  4.837429e-03,  -0.000000e+00,  4.837429e-03,  -0.000000e+00,  3.135014e-03
   9.700000e+09,  -0.000000e+00,  3.201909e-03,  -0.000000e+00,  4.871766e-03,  -0.000000e+00,  4.871766e-03,  -0.000000e+00,  3.201909e-03
   9.750000e+09,  -0.000000e+00,  3.269799e-03,  -0.000000e+00,  4.907271e-03,  -0.000000e+00,  4.907271e-03,  -0.000000e+00,  3.269799e-03
   9.800000e+09,  -0.000000e+00,  3.338757e-03,  -0.000000e+00,  4.944013e-03,  -0.000000e+00,  4.944013e-03,  -0.000000e+00,  3.338757e-03
   9.850000e+09,  -0.000000e+00,  3.408877e-03,  -0.000000e+00,  4.982083e-03,  -0.000000e+00,  4.982083e-03,  -0.000000e+00,  3.408877e-03
   9.900000e+09,  -0.000000e+00,  3.480301e-03,  -0.000000e+00,  5.021619e-03,  -0.000000e+00,  5.021619e-03,  -0.000000e+00,  3.480301e-03
   9.950000e+09,  -0.000000e+00,  3.553262e-03,  -0.000000e+00,  5.062852e-03,  -0.000000e+00,  5.062852e-03,  -0.000000e+00,  3.553262e-03
   1.000000e+10,  -0.000000e+00,  3.628218e-03,  -0.000000e+00,  5.106235e-03,  0.000000e+00,  5.106235e-03,  0.000000e+00,  3.628218e-03
