   5.000000e+07,  0.000000e+00,  -1.967791e+04,  0.000000e+00,  -1.967926e+04,  0.000000e+00,  -1.967926e+04,  0.000000e+00,  -1.967791e+04
   1.000000e+08,  0.000000e+00,  -9.837672e+03,  0.000000e+00,  -9.840371e+03,  0.000000e+00,  -9.840371e+03,  0.000000e+00,  -9.837672e+03
   1.500000e+08,  0.000000e+00,  -6.557023e+03,  0.000000e+00,  -6.561071e+03,  0.000000e+00,  -6.561071e+03,  0.000000e+00,  -6.557023e+03
   2.000000e+08,  0.000000e+00,  -4.916270e+03,  0.000000e+00,  -4.921668e+03,  0.000000e+00,  -4.921668e+03,  0.000000e+00,  -4.916270e+03
   2.500000e+08,  0.000000e+00,  -3.931476e+03,  0.000000e+00,  -3.938224e+03,  0.000000e+00,  -3.938224e+03,  0.000000e+00,  -3.931476e+03
   3.000000e+08,  0.000000e+00,  -3.274661e+03,  0.000000e+00,  -3.282760e+03,  0.000000e+00,  -3.282760e+03,  0.000000e+00,  -3.274661e+03
   3.500000e+08,  0.000000e+00,  -2.805263e+03,  0.000000e+00,  -2.814713e+03,  0.000000e+00,  -2.814713e+03,  0.000000e+00,  -2.805263e+03
   4.000000e+08,  0.000000e+00,  -2.453000e+03,  0.000000e+00,  -2.463802e+03,  0.000000e+00,  -2.463802e+03,  0.000000e+00,  -2.453000e+03
   4.500000e+08,  0.000000e+00,  -2.178826e+03,  0.000000e+00,  -2.190982e+03,  0.000000e+00,  -2.190982e+03,  0.000000e+00,  -2.178826e+03
   5.000000e+08,  0.000000e+00,  -1.959316e+03,  0.000000e+00,  -1.972825e+03,  0.000000e+00,  -1.972825e+03,  0.000000e+00,  -1.959316e+03
   5.500000e+08,  0.000000e+00,  -1.779559e+03,  0.000000e+00,  -1.794425e+03,  0.000000e+00,  -1.794425e+03,  0.000000e+00,  -1.779559e+03
   6.000000e+08,  0.000000e+00,  -1.629619e+03,  0.000000e+00,  -1.645841e+03,  0.000000e+00,  -1.645841e+03,  0.000000e+00,  -1.629619e+03
   6.500000e+08,  0.000000e+00,  -1.502613e+03,  0.000000e+00,  -1.520193e+03,  0.000000e+00,  -1.520193e+03,  0.000000e+00,  -1.502613e+03
   7.000000e+08,  0.000000e+00,  -1.393627e+03,  0.000000e+00,  -1.412567e+03,  0.000000e+00,  -1.412567e+03,  0.000000e+00,  -1.393627e+03
   7.500000e+08,  0.000000e+00,  -1.299058e+03,  0.000000e+00,  -1.319358e+03,  0.000000e+00,  -1.319358e+03,  0.000000e+00,  -1.299058e+03
   8.000000e+08,  0.000000e+00,  -1.216200e+03,  0.000000e+00,  -1.237863e+03,  0.000000e+00,  -1.237863e+03,  0.000000e+00,  -1.216200e+03
   8.500000e+08,  0.000000e+00,  -1.142989e+03,  0.000000e+00,  -1.166016e+03,  0.000000e+00,  -1.166016e+03,  0.000000e+00,  -1.142989e+03
   9.000000e+08,  0.000000e+00,  -1.077815e+03,  0.000000e+00,  -1.102209e+03,  0.000000e+00,  -1.102209e+03,  0.000000e+00,  -1.077815e+03
   9.500000e+08,  0.000000e+00,  -1.019409e+03,  0.000000e+00,  -1.045172e+03,  0.000000e+00,  -1.045172e+03,  0.000000e+00,  -1.019409e+03
   1.000000e+09,  0.000000e+00,  -9.667563e+02,  0.000000e+00,  -9.938898e+02,  0.000000e+00,  -9.938898e+02,  0.000000e+00,  -9.667563e+02
   1.050000e+09,  0.000000e+00,  -9.190343e+02,  0.000000e+00,  -9.475409e+02,  0.000000e+00,  -9.475409e+02,  0.000000e+00,  -9.190343e+02
   1.100000e+09,  0.000000e+00,  -8.755705e+02,  0.000000e+00,  -9.054527e+02,  0.000000e+00,  -9.054527e+02,  0.000000e+00,  -8.755705e+02
   1.150000e+09,  0.000000e+00,  -8.358093e+02,  0.000000e+00,  -8.670695e+02,  0.000000e+00,  -8.670695e+02,  0.000000e+00,  -8.358093e+02
   1.200000e+09,  0.000000e+00,  -7.992876e+02,  0.000000e+00,  -8.319285e+02,  0.000000e+00,  -8.319285e+02,  0.000000e+00,  -7.992876e+02
   1.250000e+09,  0.000000e+00,  -7.656164e+02,  0.000000e+00,  -7.996409e+02,  0.000000e+00,  -7.996409e+02,  0.000000e+00,  -7.656164e+02
   1.300000e+09,  0.000000e+00,  -7.344666e+02,  0.000000e+00,  -7.698775e+02,  0.000000e+00,  -7.698775e+02,  0.000000e+00,  -7.344666e+02
   1.350000e+09,  0.000000e+00,  -7.055578e+02,  0.000000e+00,  -7.423581e+02,  0.000000e+00,  -7.423581e+02,  0.000000e+00,  -7.055578e+02
   1.400000e+09,  0.000000e+00,  -6.786496e+02,  0.000000e+00,  -7.168426e+02,  0.000000e+00,  -7.168426e+02,  0.000000e+00,  -6.786496e+02
   1.450000e+09,  0.000000e+00,  -6.535348e+02,  0.000000e+00,  -6.931238e+02,  0.000000e+00,  -6.931238e+02,  0.000000e+00,  -6.535348e+02
   1.500000e+09,  0.000000e+00,  -6.300340e+02,  0.000000e+00,  -6.710223e+02,  0.000000e+00,  -6.710223e+02,  0.000000e+00,  -6.300340e+02
   1.550000e+09,  0.000000e+00,  -6.079905e+02,  0.000000e+00,  -6.503818e+02,  0.000000e+00,  -6.503818e+02,  0.000000e+00,  -6.079905e+02
   1.600000e+09,  0.000000e+00,  -5.872676e+02,  0.000000e+00,  -6.310655e+02,  0.000000e+00,  -6.310655e+02,  0.000000e+00,  -5.872676e+02
   1.650000e+09,  0.000000e+00,  -5.677450e+02,  0.000000e+00,  -6.129533e+02,  0.000000e+00,  -6.129533e+02,  0.000000e+00,  -5.677450e+02
   1.700000e+09,  0.000000e+00,  -5.493165e+02,  0.000000e+00,  -5.959391e+02,  0.000000e+00,  -5.959391e+02,  0.000000e+00,  -5.493165e+02
   1.750000e+09,  0.000000e+00,  -5.318881e+02,  0.000000e+00,  -5.799291e+02,  0.000000e+00,  -5.799291e+02,  0.000000e+00,  -5.318881e+02
   1.800000e+09,  0.000000e+00,  -5.153762e+02,  0.000000e+00,  -5.648398e+02,  0.000000e+00,  -5.648398e+02,  0.000000e+00,  -5.153762e+02
   1.850000e+09,  0.000000e+00,  -4.997062e+02,  0.000000e+00,  -5.505968e+02,  0.000000e+00,  -5.505968e+02,  0.000000e+00,  -4.997062e+02
   1.900000e+09,  0.000000e+00,  -4.848114e+02,  0.000000e+00,  -5.371335e+02,  0.000000e+00,  -5.371335e+02,  0.000000e+00,  -4.848114e+02
   1.950000e+09,  0.000000e+00,  -4.706319e+02,  0.000000e+00,  -5.243901e+02,  0.000000e+00,  -5.243901e+02,  0.000000e+00,  -4.706319e+02
   2.000000e+09,  0.000000e+00,  -4.571138e+02,  0.000000e+00,  -5.123129e+02,  0.000000e+00,  -5.123129e+02,  0.000000e+00,  -4.571138e+02
   2.050000e+09,  0.000000e+00,  -4.442085e+02,  0.000000e+00,  -5.008534e+02,  0.000000e+00,  -5.008534e+02,  0.000000e+00,  -4.442085e+02
   2.100000e+09,  0.000000e+00,  -4.318720e+02,  0.000000e+00,  -4.899677e+02,  0.000000e+00,  -4.899677e+02,  0.000000e+00,  -4.318720e+02
   2.150000e+09,  0.000000e+00,  -4.200642e+02,  0.000000e+00,  -4.796160e+02,  0.000000e+00,  -4.796160e+02,  0.000000e+00,  -4.200642e+02
   2.200000e+09,  0.000000e+00,  -4.087489e+02,  0.000000e+00,  -4.697621e+02,  0.000000e+00,  -4.697621e+02,  0.000000e+00,  -4.087489e+02
   2.250000e+09,  0.000000e+00,  -3.978930e+02,  0.000000e+00,  -4.603731e+02,  0.000000e+00,  -4.603731e+02,  0.000000e+00,  -3.978930e+02
   2.300000e+09,  0.000000e+00,  -3.874662e+02,  0.000000e+00,  -4.514189e+02,  0.000000e+00,  -4.514189e+02,  0.000000e+00,  -3.874662e+02
   2.350000e+09,  0.000000e+00,  -3.774409e+02,  0.000000e+00,  -4.428720e+02,  0.000000e+00,  -4.428720e+02,  0.000000e+00,  -3.774409e+02
   2.400000e+09,  0.000000e+00,  -3.677918e+02,  0.000000e+00,  -4.347071e+02,  0.000000e+00,  -4.347071e+02,  0.000000e+00,  -3.677918e+02
   2.450000e+09,  0.000000e+00,  -3.584954e+02,  0.000000e+00,  -4.269013e+02,  0.000000e+00,  -4.269013e+02,  0.000000e+00,  -3.584954e+02
   2.500000e+09,  0.000000e+00,  -3.495304e+02,  0.000000e+00,  -4.194330e+02,  0.000000e+00,  -4.194330e+02,  0.000000e+00,  -3.495304e+02
   2.550000e+09,  0.000000e+00,  -3.408771e+02,  0.000000e+00,  -4.122828e+02,  0.000000e+00,  -4.122828e+02,  0.000000e+00,  -3.408771e+02
   2.600000e+09,  0.000000e+00,  -3.325170e+02,  0.000000e+00,  -4.054326e+02,  0.000000e+00,  -4.054326e+02,  0.000000e+00,  -3.325170e+02
   2.650000e+09,  0.000000e+00,  -3.244335e+02,  0.000000e+00,  -3.988656e+02,  0.000000e+00,  -3.988656e+02,  0.000000e+00,  -3.244335e+02
   2.700000e+09,  0.000000e+00,  -3.166107e+02,  0.000000e+00,  -3.925664e+02,  0.000000e+00,  -3.925664e+02,  0.000000e+00,  -3.166107e+02
   2.750000e+09,  0.000000e+00,  -3.090342e+02,  0.000000e+00,  -3.865205e+02,  0.000000e+00,  -3.865205e+02,  0.000000e+00,  -3.090342e+02
   2.800000e+09,  0.000000e+00,  -3.016906e+02,  0.000000e+00,  -3.807148e+02,  0.000000e+00,  -3.807148e+02,  0.000000e+00,  -3.016906e+02
   2.850000e+09,  0.000000e+00,  -2.945672e+02,  0.000000e+00,  -3.751368e+02,  0.000000e+00,  -3.751368e+02,  0.000000e+00,  -2.945672e+02
   2.900000e+09,  0.000000e+00,  -2.876523e+02,  0.000000e+00,  -3.697751e+02,  0.000000e+00,  -3.697751e+02,  0.000000e+00,  -2.876523e+02
   2.950000e+09,  0.000000e+00,  -2.809352e+02,  0.000000e+00,  -3.646188e+02,  0.000000e+00,  -3.646188e+02,  0.000000e+00,  -2.809352e+02
   3.000000e+09,  0.000000e+00,  -2.744055e+02,  0.000000e+00,  -3.596581e+02,  0.000000e+00,  -3.596581e+02,  0.000000e+00,  -2.744055e+02
   3.050000e+09,  0.000000e+00,  -2.680538e+02,  0.000000e+00,  -3.548835e+02,  0.000000e+00,  -3.548835e+02,  0.000000e+00,  -2.680538e+02
   3.100000e+09,  0.000000e+00,  -2.618711e+02,  0.000000e+00,  -3.502864e+02,  0.000000e+00,  -3.502864e+02,  0.000000e+00,  -2.618711e+02
   3.150000e+09,  0.000000e+00,  -2.558491e+02,  0.000000e+00,  -3.458586e+02,  0.000000e+00,  -3.458586e+02,  0.000000e+00,  -2.558491e+02
   3.200000e+09,  0.000000e+00,  -2.499800e+02,  0.000000e+00,  -3.415924e+02,  0.000000e+00,  -3.415924e+02,  0.000000e+00,  -2.499800e+02
   3.250000e+09,  0.000000e+00,  -2.442563e+02,  0.000000e+00,  -3.374806e+02,  0.000000e+00,  -3.374806e+02,  0.000000e+00,  -2.442563e+02
   3.300000e+09,  0.000000e+00,  -2.386711e+02,  0.000000e+00,  -3.335166e+02,  0.000000e+00,  -3.335166e+02,  0.000000e+00,  -2.386711e+02
   3.350000e+09,  0.000000e+00,  -2.332179e+02,  0.000000e+00,  -3.296940e+02,  0.000000e+00,  -3.296940e+02,  0.000000e+00,  -2.332179e+02
   3.400000e+09,  0.000000e+00,  -2.278906e+02,  0.000000e+00,  -3.260069e+02,  0.000000e+00,  -3.260069e+02,  0.000000e+00,  -2.278906e+02
   3.450000e+09,  0.000000e+00,  -2.226833e+02,  0.000000e+00,  -3.224497e+02,  0.000000e+00,  -3.224497e+02,  0.000000e+00,  -2.226833e+02
   3.500000e+09,  0.000000e+00,  -2.175906e+02,  0.000000e+00,  -3.190172e+02,  0.000000e+00,  -3.190172e+02,  0.000000e+00,  -2.175906e+02
   3.550000e+09,  0.000000e+00,  -2.126072e+02,  0.000000e+00,  -3.157043e+02,  0.000000e+00,  -3.157043e+02,  0.000000e+00,  -2.126072e+02
   3.600000e+09,  0.000000e+00,  -2.077284e+02,  0.000000e+00,  -3.125064e+02,  0.000000e+00,  -3.125064e+02,  0.000000e+00,  -2.077284e+02
   3.650000e+09,  0.000000e+00,  -2.029494e+02,  0.000000e+00,  -3.094192e+02,  0.000000e+00,  -3.094192e+02,  0.000000e+00,  -2.029494e+02
   3.700000e+09,  0.000000e+00,  -1.982658e+02,  0.000000e+00,  -3.064384e+02,  0.000000e+00,  -3.064384e+02,  0.000000e+00,  -1.982658e+02
   3.750000e+09,  0.000000e+00,  -1.936735e+02,  0.000000e+00,  -3.035601e+02,  0.000000e+00,  -3.035601e+02,  0.000000e+00,  -1.936735e+02
   3.800000e+09,  0.000000e+00,  -1.891685e+02,  0.000000e+00,  -3.007806e+02,  0.000000e+00,  -3.007806e+02,  0.000000e+00,  -1.891685e+02
   3.850000e+09,  0.000000e+00,  -1.847471e+02,  0.000000e+00,  -2.980964e+02,  0.000000e+00,  -2.980964e+02,  0.000000e+00,  -1.847471e+02
   3.900000e+09,  0.000000e+00,  -1.804056e+02,  0.000000e+00,  -2.955042e+02,  0.000000e+00,  -2.955042e+02,  0.000000e+00,  -1.804056e+02
   3.950000e+09,  0.000000e+00,  -1.761406e+02,  0.000000e+00,  -2.930008e+02,  0.000000e+00,  -2.930008e+02,  0.000000e+00,  -1.761406e+02
   4.000000e+09,  0.000000e+00,  -1.719490e+02,  0.000000e+00,  -2.905832e+02,  0.000000e+00,  -2.905832e+02,  0.000000e+00,  -1.719490e+02
   4.050000e+09,  0.000000e+00,  -1.678275e+02,  0.000000e+00,  -2.882487e+02,  0.000000e+00,  -2.882487e+02,  0.000000e+00,  -1.678275e+02
   4.100000e+09,  0.000000e+00,  -1.637733e+02,  0.000000e+00,  -2.859945e+02,  0.000000e+00,  -2.859945e+02,  0.000000e+00,  -1.637733e+02
   4.150000e+09,  0.000000e+00,  -1.597836e+02,  0.000000e+00,  -2.838181e+02,  0.000000e+00,  -2.838181e+02,  0.000000e+00,  -1.597836e+02
   4.200000e+09,  0.000000e+00,  -1.558555e+02,  0.000000e+00,  -2.817171e+02,  0.000000e+00,  -2.817171e+02,  0.000000e+00,  -1.558555e+02
   4.250000e+09,  0.000000e+00,  -1.519866e+02,  0.000000e+00,  -2.796892e+02,  0.000000e+00,  -2.796892e+02,  0.000000e+00,  -1.519866e+02
   4.300000e+09,  0.000000e+00,  -1.481743e+02,  0.000000e+00,  -2.777323e+02,  0.000000e+00,  -2.777323e+02,  0.000000e+00,  -1.481743e+02
   4.350000e+09,  0.000000e+00,  -1.444163e+02,  0.000000e+00,  -2.758443e+02,  0.000000e+00,  -2.758443e+02,  0.000000e+00,  -1.444163e+02
   4.400000e+09,  0.000000e+00,  -1.407104e+02,  0.000000e+00,  -2.740232e+02,  0.000000e+00,  -2.740232e+02,  0.000000e+00,  -1.407104e+02
   4.450000e+09,  0.000000e+00,  -1.370542e+02,  0.000000e+00,  -2.722671e+02,  0.000000e+00,  -2.722671e+02,  0.000000e+00,  -1.370542e+02
   4.500000e+09,  0.000000e+00,  -1.334458e+02,  0.000000e+00,  -2.705744e+02,  0.000000e+00,  -2.705744e+02,  0.000000e+00,  -1.334458e+02
   4.550000e+09,  0.000000e+00,  -1.298832e+02,  0.000000e+00,  -2.689434e+02,  0.000000e+00,  -2.689434e+02,  0.000000e+00,  -1.298832e+02
   4.600000e+09,  0.000000e+00,  -1.263643e+02,  0.000000e+00,  -2.673724e+02,  0.000000e+00,  -2.673724e+02,  0.000000e+00,  -1.263643e+02
   4.650000e+09,  0.000000e+00,  -1.228873e+02,  0.000000e+00,  -2.658599e+02,  0.000000e+00,  -2.658599e+02,  0.000000e+00,  -1.228873e+02
   4.700000e+09,  0.000000e+00,  -1.194504e+02,  0.000000e+00,  -2.644045e+02,  0.000000e+00,  -2.644045e+02,  0.000000e+00,  -1.194504e+02
   4.750000e+09,  0.000000e+00,  -1.160519e+02,  0.000000e+00,  -2.630049e+02,  0.000000e+00,  -2.630049e+02,  0.000000e+00,  -1.160519e+02
   4.800000e+09,  0.000000e+00,  -1.126901e+02,  0.000000e+00,  -2.616598e+02,  0.000000e+00,  -2.616598e+02,  0.000000e+00,  -1.126901e+02
   4.850000e+09,  0.000000e+00,  -1.093634e+02,  0.000000e+00,  -2.603679e+02,  0.000000e+00,  -2.603679e+02,  0.000000e+00,  -1.093634e+02
   4.900000e+09,  0.000000e+00,  -1.060702e+02,  0.000000e+00,  -2.591280e+02,  0.000000e+00,  -2.591280e+02,  0.000000e+00,  -1.060702e+02
   4.950000e+09,  0.000000e+00,  -1.028090e+02,  0.000000e+00,  -2.579391e+02,  0.000000e+00,  -2.579391e+02,  0.000000e+00,  -1.028090e+02
   5.000000e+09,  0.000000e+00,  -9.957825e+01,  0.000000e+00,  -2.568001e+02,  0.000000e+00,  -2.568001e+02,  0.000000e+00,  -9.957825e+01
   5.050000e+09,  0.000000e+00,  -9.637663e+01,  0.000000e+00,  -2.557100e+02,  0.000000e+00,  -2.557100e+02,  0.000000e+00,  -9.637663e+01
   5.100000e+09,  0.000000e+00,  -9.320271e+01,  0.000000e+00,  -2.546680e+02,  0.000000e+00,  -2.546680e+02,  0.000000e+00,  -9.320271e+01
   5.150000e+09,  0.000000e+00,  -9.005515e+01,  0.000000e+00,  -2.536730e+02,  0.000000e+00,  -2.536730e+02,  0.000000e+00,  -9.005515e+01
   5.200000e+09,  0.000000e+00,  -8.693264e+01,  0.000000e+00,  -2.527242e+02,  0.000000e+00,  -2.527242e+02,  0.000000e+00,  -8.693264e+01
   5.250000e+09,  0.000000e+00,  -8.383390e+01,  0.000000e+00,  -2.518209e+02,  0.000000e+00,  -2.518209e+02,  0.000000e+00,  -8.383391e+01
   5.300000e+09,  0.000000e+00,  -8.075770e+01,  0.000000e+00,  -2.509624e+02,  0.000000e+00,  -2.509624e+02,  0.000000e+00,  -8.075770e+01
   5.350000e+09,  0.000000e+00,  -7.770283e+01,  0.000000e+00,  -2.501478e+02,  0.000000e+00,  -2.501478e+02,  0.000000e+00,  -7.770283e+01
   5.400000e+09,  0.000000e+00,  -7.466809e+01,  0.000000e+00,  -2.493766e+02,  0.000000e+00,  -2.493766e+02,  0.000000e+00,  -7.466809e+01
   5.450000e+09,  0.000000e+00,  -7.165233e+01,  0.000000e+00,  -2.486481e+02,  0.000000e+00,  -2.486481e+02,  0.000000e+00,  -7.165233e+01
   5.500000e+09,  0.000000e+00,  -6.865443e+01,  0.000000e+00,  -2.479617e+02,  0.000000e+00,  -2.479617e+02,  0.000000e+00,  -6.865443e+01
   5.550000e+09,  0.000000e+00,  -6.567327e+01,  0.000000e+00,  -2.473169e+02,  0.000000e+00,  -2.473169e+02,  0.000000e+00,  -6.567327e+01
   5.600000e+09,  0.000000e+00,  -6.270776e+01,  0.000000e+00,  -2.467133e+02,  0.000000e+00,  -2.467133e+02,  0.000000e+00,  -6.270776e+01
   5.650000e+09,  0.000000e+00,  -5.975684e+01,  0.000000e+00,  -2.461502e+02,  0.000000e+00,  -2.461502e+02,  0.000000e+00,  -5.975685e+01
   5.700000e+09,  0.000000e+00,  -5.681947e+01,  0.000000e+00,  -2.456273e+02,  0.000000e+00,  -2.456273e+02,  0.000000e+00,  -5.681947e+01
   5.750000e+09,  0.000000e+00,  -5.389460e+01,  0.000000e+00,  -2.451442e+02,  0.000000e+00,  -2.451442e+02,  0.000000e+00,  -5.389460e+01
   5.800000e+09,  0.000000e+00,  -5.098123e+01,  0.000000e+00,  -2.447006e+02,  0.000000e+00,  -2.447006e+02,  0.000000e+00,  -5.098123e+01
   5.850000e+09,  0.000000e+00,  -4.807835e+01,  0.000000e+00,  -2.442960e+02,  0.000000e+00,  -2.442960e+02,  0.000000e+00,  -4.807835e+01
   5.900000e+09,  0.000000e+00,  -4.518496e+01,  0.000000e+00,  -2.439301e+02,  0.000000e+00,  -2.439301e+02,  0.000000e+00,  -4.518496e+01
   5.950000e+09,  0.000000e+00,  -4.230010e+01,  0.000000e+00,  -2.436028e+02,  0.000000e+00,  -2.436028e+02,  0.000000e+00,  -4.230010e+01
   6.000000e+09,  0.000000e+00,  -3.942280e+01,  0.000000e+00,  -2.433137e+02,  0.000000e+00,  -2.433137e+02,  0.000000e+00,  -3.942280e+01
   6.050000e+09,  0.000000e+00,  -3.655209e+01,  0.000000e+00,  -2.430627e+02,  0.000000e+00,  -2.430627e+02,  0.000000e+00,  -3.655209e+01
   6.100000e+09,  0.000000e+00,  -3.368703e+01,  0.000000e+00,  -2.428496e+02,  0.000000e+00,  -2.428496e+02,  0.000000e+00,  -3.368703e+01
   6.150000e+09,  0.000000e+00,  -3.082667e+01,  0.000000e+00,  -2.426742e+02,  0.000000e+00,  -2.426742e+02,  0.000000e+00,  -3.082667e+01
   6.200000e+09,  0.000000e+00,  -2.797006e+01,  0.000000e+00,  -2.425364e+02,  0.000000e+00,  -2.425364e+02,  0.000000e+00,  -2.797006e+01
   6.250000e+09,  0.000000e+00,  -2.511629e+01,  0.000000e+00,  -2.424361e+02,  0.000000e+00,  -2.424361e+02,  0.000000e+00,  -2.511629e+01
   6.300000e+09,  0.000000e+00,  -2.226440e+01,  0.000000e+00,  -2.423732e+02,  0.000000e+00,  -2.423732e+02,  0.000000e+00,  -2.226440e+01
   6.350000e+09,  0.000000e+00,  -1.941347e+01,  0.000000e+00,  -2.423478e+02,  0.000000e+00,  -2.423478e+02,  0.000000e+00,  -1.941347e+01
   6.400000e+09,  0.000000e+00,  -1.656258e+01,  0.000000e+00,  -2.423598e+02,  0.000000e+00,  -2.423598e+02,  0.000000e+00,  -1.656258e+01
   6.450000e+09,  0.000000e+00,  -1.371078e+01,  0.000000e+00,  -2.424092e+02,  0.000000e+00,  -2.424092e+02,  0.000000e+00,  -1.371078e+01
   6.500000e+09,  0.000000e+00,  -1.085715e+01,  0.000000e+00,  -2.424962e+02,  0.000000e+00,  -2.424962e+02,  0.000000e+00,  -1.085715e+01
   6.550000e+09,  0.000000e+00,  -8.000750e+00,  0.000000e+00,  -2.426207e+02,  0.000000e+00,  -2.426207e+02,  0.000000e+00,  -8.000750e+00
   6.600000e+09,  0.000000e+00,  -5.140638e+00,  0.000000e+00,  -2.427829e+02,  0.000000e+00,  -2.427829e+02,  0.000000e+00,  -5.140639e+00
   6.650000e+09,  0.000000e+00,  -2.275871e+00,  0.000000e+00,  -2.429830e+02,  0.000000e+00,  -2.429830e+02,  0.000000e+00,  -2.275871e+00
   6.700000e+09,  -0.000000e+00,  5.945044e-01,  0.000000e+00,  -2.432211e+02,  0.000000e+00,  -2.432211e+02,  0.000000e+00,  5.945041e-01
   6.750000e+09,  -0.000000e+00,  3.471447e+00,  0.000000e+00,  -2.434974e+02,  0.000000e+00,  -2.434974e+02,  0.000000e+00,  3.471447e+00
   6.800000e+09,  -0.000000e+00,  6.355927e+00,  0.000000e+00,  -2.438121e+02,  0.000000e+00,  -2.438121e+02,  0.000000e+00,  6.355927e+00
   6.850000e+09,  -0.000000e+00,  9.248923e+00,  0.000000e+00,  -2.441656e+02,  0.000000e+00,  -2.441656e+02,  0.000000e+00,  9.248923e+00
   6.900000e+09,  -0.000000e+00,  1.215143e+01,  0.000000e+00,  -2.445581e+02,  0.000000e+00,  -2.445581e+02,  0.000000e+00,  1.215142e+01
   6.950000e+09,  -0.000000e+00,  1.506444e+01,  0.000000e+00,  -2.449900e+02,  0.000000e+00,  -2.449900e+02,  0.000000e+00,  1.506444e+01
   7.000000e+09,  -0.000000e+00,  1.798898e+01,  0.000000e+00,  -2.454616e+02,  0.000000e+00,  -2.454616e+02,  0.000000e+00,  1.798898e+01
   7.050000e+09,  -0.000000e+00,  2.092608e+01,  0.000000e+00,  -2.459733e+02,  0.000000e+00,  -2.459733e+02,  0.000000e+00,  2.092608e+01
   7.100000e+09,  -0.000000e+00,  2.387680e+01,  0.000000e+00,  -2.465255e+02,  0.000000e+00,  -2.465255e+02,  0.000000e+00,  2.387680e+01
   7.150000e+09,  -0.000000e+00,  2.684220e+01,  0.000000e+00,  -2.471187e+02,  0.000000e+00,  -2.471187e+02,  0.000000e+00,  2.684220e+01
   7.200000e+09,  -0.000000e+00,  2.982337e+01,  0.000000e+00,  -2.477535e+02,  0.000000e+00,  -2.477535e+02,  0.000000e+00,  2.982337e+01
   7.250000e+09,  -0.000000e+00,  3.282142e+01,  0.000000e+00,  -2.484303e+02,  0.000000e+00,  -2.484303e+02,  0.000000e+00,  3.282142e+01
   7.300000e+09,  -0.000000e+00,  3.583750e+01,  0.000000e+00,  -2.491498e+02,  0.000000e+00,  -2.491498e+02,  0.000000e+00,  3.583750e+01
   7.350000e+09,  -0.000000e+00,  3.887275e+01,  0.000000e+00,  -2.499125e+02,  0.000000e+00,  -2.499125e+02,  0.000000e+00,  3.887275e+01
   7.400000e+09,  -0.000000e+00,  4.192837e+01,  0.000000e+00,  -2.507192e+02,  0.000000e+00,  -2.507192e+02,  0.000000e+00,  4.192837e+01
   7.450000e+09,  -0.000000e+00,  4.500558e+01,  0.000000e+00,  -2.515705e+02,  0.000000e+00,  -2.515705e+02,  0.000000e+00,  4.500558e+01
   7.500000e+09,  -0.000000e+00,  4.810562e+01,  0.000000e+00,  -2.524671e+02,  0.000000e+00,  -2.524671e+02,  0.000000e+00,  4.810562e+01
   7.550000e+09,  -0.000000e+00,  5.122977e+01,  0.000000e+00,  -2.534099e+02,  0.000000e+00,  -2.534099e+02,  0.000000e+00,  5.122977e+01
   7.600000e+09,  -0.000000e+00,  5.437934e+01,  0.000000e+00,  -2.543997e+02,  0.000000e+00,  -2.543997e+02,  0.000000e+00,  5.437934e+01
   7.650000e+09,  -0.000000e+00,  5.755570e+01,  0.000000e+00,  -2.554374e+02,  0.000000e+00,  -2.554374e+02,  0.000000e+00,  5.755570e+01
   7.700000e+09,  -0.000000e+00,  6.076024e+01,  0.000000e+00,  -2.565240e+02,  0.000000e+00,  -2.565240e+02,  0.000000e+00,  6.076024e+01
   7.750000e+09,  -0.000000e+00,  6.399439e+01,  0.000000e+00,  -2.576604e+02,  0.000000e+00,  -2.576604e+02,  0.000000e+00,  6.399439e+01
   7.800000e+09,  -0.000000e+00,  6.725963e+01,  0.000000e+00,  -2.588477e+02,  0.000000e+00,  -2.588477e+02,  0.000000e+00,  6.725963e+01
   7.850000e+09,  -0.000000e+00,  7.055749e+01,  0.000000e+00,  -2.600870e+02,  0.000000e+00,  -2.600870e+02,  0.000000e+00,  7.055749e+01
   7.900000e+09,  -0.000000e+00,  7.388956e+01,  0.000000e+00,  -2.613794e+02,  0.000000e+00,  -2.613794e+02,  0.000000e+00,  7.388956e+01
   7.950000e+09,  -0.000000e+00,  7.725747e+01,  0.000000e+00,  -2.627263e+02,  0.000000e+00,  -2.627263e+02,  0.000000e+00,  7.725747e+01
   8.000000e+09,  -0.000000e+00,  8.066292e+01,  0.000000e+00,  -2.641289e+02,  0.000000e+00,  -2.641289e+02,  0.000000e+00,  8.066292e+01
   8.050000e+09,  -0.000000e+00,  8.410765e+01,  0.000000e+00,  -2.655885e+02,  0.000000e+00,  -2.655885e+02,  0.000000e+00,  8.410765e+01
   8.100000e+09,  -0.000000e+00,  8.759349e+01,  0.000000e+00,  -2.671067e+02,  0.000000e+00,  -2.671067e+02,  0.000000e+00,  8.759349e+01
   8.150000e+09,  -0.000000e+00,  9.112233e+01,  0.000000e+00,  -2.686850e+02,  0.000000e+00,  -2.686850e+02,  0.000000e+00,  9.112233e+01
   8.200000e+09,  -0.000000e+00,  9.469613e+01,  0.000000e+00,  -2.703249e+02,  0.000000e+00,  -2.703249e+02,  0.000000e+00,  9.469613e+01
   8.250000e+09,  -0.000000e+00,  9.831694e+01,  0.000000e+00,  -2.720282e+02,  0.000000e+00,  -2.720282e+02,  0.000000e+00,  9.831694e+01
   8.300000e+09,  -0.000000e+00,  1.019869e+02,  0.000000e+00,  -2.737966e+02,  0.000000e+00,  -2.737966e+02,  0.000000e+00,  1.019869e+02
   8.350000e+09,  -0.000000e+00,  1.057081e+02,  0.000000e+00,  -2.756321e+02,  0.000000e+00,  -2.756321e+02,  0.000000e+00,  1.057081e+02
   8.400000e+09,  -0.000000e+00,  1.094831e+02,  0.000000e+00,  -2.775365e+02,  0.000000e+00,  -2.775365e+02,  0.000000e+00,  1.094831e+02
   8.450000e+09,  -0.000000e+00,  1.133140e+02,  0.000000e+00,  -2.795121e+02,  0.000000e+00,  -2.795121e+02,  0.000000e+00,  1.133140e+02
   8.500000e+09,  -0.000000e+00,  1.172036e+02,  0.000000e+00,  -2.815609e+02,  0.000000e+00,  -2.815609e+02,  0.000000e+00,  1.172036e+02
   8.550000e+09,  -0.000000e+00,  1.211543e+02,  0.000000e+00,  -2.836854e+02,  0.000000e+00,  -2.836854e+02,  0.000000e+00,  1.211543e+02
   8.600000e+09,  -0.000000e+00,  1.251690e+02,  0.000000e+00,  -2.858879e+02,  0.000000e+00,  -2.858879e+02,  0.000000e+00,  1.251690e+02
   8.650000e+09,  -0.000000e+00,  1.292506e+02,  0.000000e+00,  -2.881711e+02,  0.000000e+00,  -2.881711e+02,  0.000000e+00,  1.292506e+02
   8.700000e+09,  -0.000000e+00,  1.334020e+02,  0.000000e+00,  -2.905376e+02,  0.000000e+00,  -2.905376e+02,  0.000000e+00,  1.334020e+02
   8.750000e+09,  -0.000000e+00,  1.376263e+02,  0.000000e+00,  -2.929904e+02,  0.000000e+00,  -2.929904e+02,  0.000000e+00,  1.376263e+02
   8.800000e+09,  -0.000000e+00,  1.419271e+02,  0.000000e+00,  -2.955326e+02,  0.000000e+00,  -2.955326e+02,  0.000000e+00,  1.419271e+02
   8.850000e+09,  -0.000000e+00,  1.463076e+02,  0.000000e+00,  -2.981672e+02,  0.000000e+00,  -2.981672e+02,  0.000000e+00,  1.463076e+02
   8.900000e+09,  -0.000000e+00,  1.507716e+02,  0.000000e+00,  -3.008977e+02,  0.000000e+00,  -3.008977e+02,  0.000000e+00,  1.507716e+02
   8.950000e+09,  -0.000000e+00,  1.553230e+02,  0.000000e+00,  -3.037278e+02,  0.000000e+00,  -3.037278e+02,  0.000000e+00,  1.553230e+02
   9.000000e+09,  -0.000000e+00,  1.599659e+02,  0.000000e+00,  -3.066612e+02,  0.000000e+00,  -3.066612e+02,  0.000000e+00,  1.599659e+02
   9.050000e+09,  -0.000000e+00,  1.647044e+02,  0.000000e+00,  -3.097019e+02,  0.000000e+00,  -3.097019e+02,  0.000000e+00,  1.647044e+02
   9.100000e+09,  -0.000000e+00,  1.695432e+02,  0.000000e+00,  -3.128542e+02,  0.000000e+00,  -3.128542e+02,  0.000000e+00,  1.695432e+02
   9.150000e+09,  -0.000000e+00,  1.744870e+02,  0.000000e+00,  -3.161227e+02,  0.000000e+00,  -3.161227e+02,  0.000000e+00,  1.744870e+02
   9.200000e+09,  -0.000000e+00,  1.795410e+02,  0.000000e+00,  -3.195121e+02,  0.000000e+00,  -3.195121e+02,  0.000000e+00,  1.795410e+02
   9.250000e+09,  -0.000000e+00,  1.847104e+02,  0.000000e+00,  -3.230275e+02,  0.000000e+00,  -3.230275e+02,  0.000000e+00,  1.847104e+02
   9.300000e+09,  -0.000000e+00,  1.900009e+02,  0.000000e+00,  -3.266744e+02,  0.000000e+00,  -3.266744e+02,  0.000000e+00,  1.900009e+02
   9.350000e+09,  -0.000000e+00,  1.954186e+02,  0.000000e+00,  -3.304585e+02,  0.000000e+00,  -3.304585e+02,  0.000000e+00,  1.954186e+02
   9.400000e+09,  -0.000000e+00,  2.009698e+02,  0.000000e+00,  -3.343860e+02,  0.000000e+00,  -3.343860e+02,  0.000000e+00,  2.009698e+02
   9.450000e+09,  -0.000000e+00,  2.066615e+02,  0.000000e+00,  -3.384632e+02,  0.000000e+00,  -3.384632e+02,  0.000000e+00,  2.066615e+02
   9.500000e+09,  -0.000000e+00,  2.125007e+02,  0.000000e+00,  -3.426973e+02,  0.000000e+00,  -3.426973e+02,  0.000000e+00,  2.125007e+02
   9.550000e+09,  -0.000000e+00,  2.184953e+02,  0.000000e+00,  -3.470955e+02,  0.000000e+00,  -3.470955e+02,  0.000000e+00,  2.184953e+02
   9.600000e+09,  -0.000000e+00,  2.246536e+02,  0.000000e+00,  -3.516658e+02,  0.000000e+00,  -3.516658e+02,  0.000000e+00,  2.246536e+02
   9.650000e+09,  -0.000000e+00,  2.309844e+02,  0.000000e+00,  -3.564165e+02,  0.000000e+00,  -3.564164e+02,  0.000000e+00,  2.309844e+02
   9.700000e+09,  -0.000000e+00,  2.374971e+02,  0.000000e+00,  -3.613565e+02,  0.000000e+00,  -3.613565e+02,  0.000000e+00,  2.374971e+02
   9.750000e+09,  -0.000000e+00,  2.442022e+02,  0.000000e+00,  -3.664954e+02,  0.000000e+00,  -3.664954e+02,  0.000000e+00,  2.442022e+02
   9.800000e+09,  -0.000000e+00,  2.511106e+02,  0.000000e+00,  -3.718431e+02,  0.000000e+00,  -3.718431e+02,  0.000000e+00,  2.511106e+02
   9.850000e+09,  -0.000000e+00,  2.582345e+02,  0.000000e+00,  -3.774104e+02,  0.000000e+00,  -3.774104e+02,  0.000000e+00,  2.582345e+02
   9.900000e+09,  -0.000000e+00,  2.655875e+02,  0.000000e+00,  -3.832080e+02,  0.000000e+00,  -3.832080e+02,  0.000000e+00,  2.655875e+02
   9.950000e+09,  -0.000000e+00,  2.731851e+02,  0.000000e+00,  -3.892467e+02,  0.000000e+00,  -3.892467e+02,  0.000000e+00,  2.731851e+02
   1.000000e+10,  -0.000000e+00,  2.810465e+02,  0.000000e+00,  -3.955356e+02,  0.000000e+00,  -3.955356e+02,  0.000000e+00,  2.810465e+02
