   1.090000e+09,  0.000000e+00,  6.820974e+01,  0.000000e+00,  2.016555e+02,  -0.000000e+00,  2.016494e+02,  0.000000e+00,  6.821340e+01
   1.180000e+09,  0.000000e+00,  1.236076e+02,  0.000000e+00,  2.408868e+02,  -0.000000e+00,  2.408783e+02,  0.000000e+00,  1.236119e+02
   1.270000e+09,  0.000000e+00,  2.233043e+02,  0.000000e+00,  3.262301e+02,  -0.000000e+00,  3.262169e+02,  0.000000e+00,  2.233095e+02
   1.360000e+09,  0.000000e+00,  5.048015e+02,  0.000000e+00,  5.948226e+02,  -0.000000e+00,  5.947950e+02,  0.000000e+00,  5.048089e+02
   1.450000e+09,  0.000000e+00,  -4.488832e+04,  0.000000e+00,  -4.481139e+04,  0.000000e+00,  -4.480905e+04,  0.000000e+00,  -4.488863e+04
   1.540000e+09,  0.000000e+00,  -5.508133e+02,  0.000000e+00,  -4.833684e+02,  0.000000e+00,  -4.833400e+02,  0.000000e+00,  -5.508128e+02
   1.630000e+09,  0.000000e+00,  -2.803596e+02,  0.000000e+00,  -2.229203e+02,  0.000000e+00,  -2.229057e+02,  0.000000e+00,  -2.803569e+02
   1.720000e+09,  0.000000e+00,  -1.849302e+02,  0.000000e+00,  -1.368521e+02,  0.000000e+00,  -1.368423e+02,  0.000000e+00,  -1.849265e+02
   1.810000e+09,  0.000000e+00,  -1.338187e+02,  0.000000e+00,  -9.456197e+01,  0.000000e+00,  -9.455450e+01,  0.000000e+00,  -1.338143e+02
   1.900000e+09,  0.000000e+00,  -1.005953e+02,  0.000000e+00,  -6.970814e+01,  0.000000e+00,  -6.970213e+01,  0.000000e+00,  -1.005904e+02
   1.990000e+09,  0.000000e+00,  -7.638748e+01,  0.000000e+00,  -5.349211e+01,  0.000000e+00,  -5.348711e+01,  0.000000e+00,  -7.638198e+01
   2.080000e+09,  0.000000e+00,  -5.736343e+01,  0.000000e+00,  -4.214494e+01,  0.000000e+00,  -4.214069e+01,  0.000000e+00,  -5.735739e+01
   2.170000e+09,  0.000000e+00,  -4.158788e+01,  0.000000e+00,  -3.378563e+01,  0.000000e+00,  -3.378199e+01,  0.000000e+00,  -4.158128e+01
   2.260000e+09,  0.000000e+00,  -2.797039e+01,  0.000000e+00,  -2.737166e+01,  0.000000e+00,  -2.736852e+01,  0.000000e+00,  -2.796322e+01
   2.350000e+09,  0.000000e+00,  -1.584314e+01,  0.000000e+00,  -2.227872e+01,  0.000000e+00,  -2.227603e+01,  0.000000e+00,  -1.583538e+01
   2.440000e+09,  0.000000e+00,  -4.767868e+00,  0.000000e+00,  -1.810990e+01,  0.000000e+00,  -1.810763e+01,  0.000000e+00,  -4.759467e+00
   2.530000e+09,  -0.000000e+00,  5.562132e+00,  0.000000e+00,  -1.460093e+01,  0.000000e+00,  -1.459906e+01,  0.000000e+00,  5.571209e+00
   2.620000e+09,  -0.000000e+00,  1.537756e+01,  0.000000e+00,  -1.157103e+01,  0.000000e+00,  -1.156955e+01,  -0.000000e+00,  1.538736e+01
   2.710000e+09,  -0.000000e+00,  2.487248e+01,  0.000000e+00,  -8.901383e+00,  0.000000e+00,  -8.900342e+00,  -0.000000e+00,  2.488302e+01
   2.800000e+09,  -0.000000e+00,  3.425857e+01,  0.000000e+00,  -6.551564e+00,  0.000000e+00,  -6.551026e+00,  -0.000000e+00,  3.426987e+01
   2.890000e+09,  -0.000000e+00,  4.403573e+01,  0.000000e+00,  -4.804377e+00,  0.000000e+00,  -4.804578e+00,  -0.000000e+00,  4.404751e+01
   2.980000e+09,  0.000000e+00,  2.720085e+01,  0.000000e+00,  2.352837e+01,  0.000000e+00,  2.353805e+01,  -0.000000e+00,  2.723321e+01
   3.070000e+09,  0.000000e+00,  5.955474e+01,  -0.000000e+00,  2.890356e+00,  0.000000e+00,  2.890167e+00,  -0.000000e+00,  5.957099e+01
   3.160000e+09,  0.000000e+00,  6.958838e+01,  -0.000000e+00,  4.966992e+00,  0.000000e+00,  4.965881e+00,  -0.000000e+00,  6.960565e+01
   3.250000e+09,  0.000000e+00,  7.959824e+01,  -0.000000e+00,  7.728804e+00,  0.000000e+00,  7.726797e+00,  -0.000000e+00,  7.961706e+01
   3.340000e+09,  0.000000e+00,  9.005897e+01,  -0.000000e+00,  1.101924e+01,  0.000000e+00,  1.101619e+01,  -0.000000e+00,  9.007971e+01
   3.430000e+09,  0.000000e+00,  1.012608e+02,  -0.000000e+00,  1.497091e+01,  0.000000e+00,  1.496660e+01,  -0.000000e+00,  1.012839e+02
   3.520000e+09,  0.000000e+00,  1.135407e+02,  -0.000000e+00,  1.984269e+01,  0.000000e+00,  1.983675e+01,  -0.000000e+00,  1.135666e+02
   3.610000e+09,  0.000000e+00,  1.273718e+02,  -0.000000e+00,  2.604983e+01,  0.000000e+00,  2.604176e+01,  -0.000000e+00,  1.274013e+02
   3.700000e+09,  0.000000e+00,  1.434862e+02,  0.000000e+00,  3.427029e+01,  0.000000e+00,  3.425931e+01,  -0.000000e+00,  1.435202e+02
   3.790000e+09,  0.000000e+00,  1.631151e+02,  -0.000000e+00,  4.567885e+01,  0.000000e+00,  4.566373e+01,  -0.000000e+00,  1.631553e+02
   3.880000e+09,  0.000000e+00,  1.885416e+02,  -0.000000e+00,  6.249575e+01,  0.000000e+00,  6.247440e+01,  -0.000000e+00,  1.885904e+02
   3.970000e+09,  0.000000e+00,  2.245841e+02,  0.000000e+00,  8.946805e+01,  0.000000e+00,  8.943656e+01,  -0.000000e+00,  2.246463e+02
   4.060000e+09,  0.000000e+00,  2.835815e+02,  -0.000000e+00,  1.388527e+02,  0.000000e+00,  1.388024e+02,  -0.000000e+00,  2.836671e+02
   4.150000e+09,  0.000000e+00,  4.097857e+02,  -0.000000e+00,  2.548153e+02,  0.000000e+00,  2.547204e+02,  -0.000000e+00,  4.099241e+02
   4.240000e+09,  0.000000e+00,  9.745667e+02,  -0.000000e+00,  8.087515e+02,  0.000000e+00,  8.084419e+02,  -0.000000e+00,  9.749509e+02
   4.330000e+09,  0.000000e+00,  -8.820795e+02,  0.000000e+00,  -1.060687e+03,  0.000000e+00,  -1.060271e+03,  0.000000e+00,  -8.825150e+02
   4.420000e+09,  0.000000e+00,  -1.821932e+02,  0.000000e+00,  -3.736816e+02,  0.000000e+00,  -3.735311e+02,  0.000000e+00,  -1.823237e+02
   4.510000e+09,  0.000000e+00,  -4.312247e+01,  0.000000e+00,  -2.491310e+02,  0.000000e+00,  -2.490283e+02,  0.000000e+00,  -4.319475e+01
   4.600000e+09,  -0.000000e+00,  2.225898e+01,  0.000000e+00,  -2.000496e+02,  0.000000e+00,  -1.999653e+02,  0.000000e+00,  2.221230e+01
   4.690000e+09,  -0.000000e+00,  6.437525e+01,  0.000000e+00,  -1.764517e+02,  0.000000e+00,  -1.763757e+02,  0.000000e+00,  6.434375e+01
   4.780000e+09,  -0.000000e+00,  9.696905e+01,  0.000000e+00,  -1.652208e+02,  0.000000e+00,  -1.651482e+02,  0.000000e+00,  9.694829e+01
   4.870000e+09,  -0.000000e+00,  1.256074e+02,  0.000000e+00,  -1.616827e+02,  0.000000e+00,  -1.616103e+02,  0.000000e+00,  1.255953e+02
   4.960000e+09,  -0.000000e+00,  1.533278e+02,  0.000000e+00,  -1.641116e+02,  0.000000e+00,  -1.640368e+02,  0.000000e+00,  1.533236e+02
   5.050000e+09,  -0.000000e+00,  1.823957e+02,  0.000000e+00,  -1.722476e+02,  0.000000e+00,  -1.721678e+02,  -0.000000e+00,  1.823994e+02
   5.140000e+09,  -0.000000e+00,  2.151624e+02,  0.000000e+00,  -1.869698e+02,  0.000000e+00,  -1.868818e+02,  -0.000000e+00,  2.151749e+02
   5.230000e+09,  -0.000000e+00,  2.548693e+02,  0.000000e+00,  -2.105945e+02,  0.000000e+00,  -2.104940e+02,  -0.000000e+00,  2.548925e+02
   5.320000e+09,  -0.000000e+00,  3.070491e+02,  0.000000e+00,  -2.480353e+02,  0.000000e+00,  -2.479154e+02,  -0.000000e+00,  3.070865e+02
   5.410000e+09,  -0.000000e+00,  3.830344e+02,  0.000000e+00,  -3.101861e+02,  0.000000e+00,  -3.100345e+02,  -0.000000e+00,  3.830931e+02
   5.500000e+09,  -0.000000e+00,  5.115588e+02,  0.000000e+00,  -4.254567e+02,  0.000000e+00,  -4.252466e+02,  -0.000000e+00,  5.116546e+02
   5.590000e+09,  -0.000000e+00,  7.952359e+02,  0.000000e+00,  -6.962300e+02,  0.000000e+00,  -6.958831e+02,  -0.000000e+00,  7.954158e+02
   5.680000e+09,  -0.000000e+00,  2.087579e+03,  0.000000e+00,  -1.976127e+03,  0.000000e+00,  -1.975135e+03,  -0.000000e+00,  2.088149e+03
   5.770000e+09,  0.000000e+00,  -2.274647e+03,  -0.000000e+00,  2.401002e+03,  -0.000000e+00,  2.399789e+03,  0.000000e+00,  -2.275407e+03
   5.860000e+09,  0.000000e+00,  -6.252238e+02,  -0.000000e+00,  7.644513e+02,  -0.000000e+00,  7.640636e+02,  0.000000e+00,  -6.254841e+02
   5.950000e+09,  0.000000e+00,  -3.125722e+02,  -0.000000e+00,  4.658622e+02,  -0.000000e+00,  4.656253e+02,  0.000000e+00,  -3.127406e+02
   6.040000e+09,  0.000000e+00,  -1.752213e+02,  -0.000000e+00,  3.435880e+02,  -0.000000e+00,  3.434130e+02,  0.000000e+00,  -1.753517e+02
   6.130000e+09,  0.000000e+00,  -9.458049e+01,  -0.000000e+00,  2.793578e+02,  -0.000000e+00,  2.792156e+02,  0.000000e+00,  -9.469045e+01
   6.220000e+09,  0.000000e+00,  -3.883696e+01,  -0.000000e+00,  2.418311e+02,  -0.000000e+00,  2.417082e+02,  0.000000e+00,  -3.893474e+01
   6.310000e+09,  0.000000e+00,  4.351187e+00,  0.000000e+00,  2.193335e+02,  -0.000000e+00,  2.192226e+02,  0.000000e+00,  4.260962e+00
   6.400000e+09,  0.000000e+00,  4.103802e+01,  0.000000e+00,  2.067875e+02,  -0.000000e+00,  2.066837e+02,  0.000000e+00,  4.095228e+01
   6.490000e+09,  0.000000e+00,  7.490789e+01,  0.000000e+00,  2.020102e+02,  -0.000000e+00,  2.019096e+02,  0.000000e+00,  7.482423e+01
   6.580000e+09,  0.000000e+00,  1.088802e+02,  0.000000e+00,  2.045332e+02,  -0.000000e+00,  2.044325e+02,  0.000000e+00,  1.087964e+02
   6.670000e+09,  0.000000e+00,  1.461605e+02,  0.000000e+00,  2.154682e+02,  -0.000000e+00,  2.153636e+02,  0.000000e+00,  1.460740e+02
   6.760000e+09,  0.000000e+00,  1.916346e+02,  0.000000e+00,  2.383357e+02,  -0.000000e+00,  2.382222e+02,  0.000000e+00,  1.915419e+02
   6.850000e+09,  0.000000e+00,  2.552102e+02,  0.000000e+00,  2.821142e+02,  -0.000000e+00,  2.819826e+02,  0.000000e+00,  2.551051e+02
   6.940000e+09,  0.000000e+00,  3.638023e+02,  0.000000e+00,  3.730637e+02,  -0.000000e+00,  3.728941e+02,  0.000000e+00,  3.636709e+02
   7.030000e+09,  0.000000e+00,  6.327608e+02,  0.000000e+00,  6.260634e+02,  0.000000e+00,  6.257877e+02,  -0.000000e+00,  6.325558e+02
   7.120000e+09,  0.000000e+00,  3.468855e+03,  0.000000e+00,  3.447678e+03,  0.000000e+00,  3.446216e+03,  -0.000000e+00,  3.467825e+03
   7.210000e+09,  0.000000e+00,  -7.679758e+02,  0.000000e+00,  -8.030453e+02,  0.000000e+00,  -8.027198e+02,  0.000000e+00,  -7.677630e+02
   7.300000e+09,  0.000000e+00,  -2.841597e+02,  0.000000e+00,  -3.319971e+02,  0.000000e+00,  -3.318699e+02,  0.000000e+00,  -2.840845e+02
   7.390000e+09,  0.000000e+00,  -1.394852e+02,  0.000000e+00,  -1.994667e+02,  0.000000e+00,  -1.993953e+02,  0.000000e+00,  -1.394486e+02
   7.480000e+09,  0.000000e+00,  -6.626502e+01,  0.000000e+00,  -1.378978e+02,  0.000000e+00,  -1.378526e+02,  0.000000e+00,  -6.624656e+01
   7.570000e+09,  0.000000e+00,  -1.986546e+01,  0.000000e+00,  -1.027836e+02,  0.000000e+00,  -1.027534e+02,  0.000000e+00,  -1.985749e+01
   7.660000e+09,  -0.000000e+00,  1.360950e+01,  0.000000e+00,  -8.034697e+01,  0.000000e+00,  -8.032668e+01,  0.000000e+00,  1.361050e+01
   7.750000e+09,  -0.000000e+00,  3.992481e+01,  0.000000e+00,  -6.494261e+01,  0.000000e+00,  -6.492940e+01,  0.000000e+00,  3.992066e+01
   7.840000e+09,  -0.000000e+00,  6.193515e+01,  0.000000e+00,  -5.384873e+01,  0.000000e+00,  -5.384100e+01,  -0.000000e+00,  6.192674e+01
   7.930000e+09,  -0.000000e+00,  8.125524e+01,  0.000000e+00,  -4.561938e+01,  0.000000e+00,  -4.561621e+01,  -0.000000e+00,  8.124284e+01
   8.020000e+09,  -0.000000e+00,  9.892697e+01,  0.000000e+00,  -3.946421e+01,  0.000000e+00,  -3.946518e+01,  -0.000000e+00,  9.891022e+01
   8.110000e+09,  -0.000000e+00,  1.157640e+02,  0.000000e+00,  -3.501997e+01,  0.000000e+00,  -3.502512e+01,  -0.000000e+00,  1.157417e+02
   8.200000e+09,  -0.000000e+00,  1.326715e+02,  0.000000e+00,  -3.238664e+01,  0.000000e+00,  -3.239673e+01,  -0.000000e+00,  1.326403e+02
   8.290000e+09,  -0.000000e+00,  1.514693e+02,  0.000000e+00,  -3.279720e+01,  0.000000e+00,  -3.281487e+01,  -0.000000e+00,  1.514203e+02
   8.380000e+09,  -0.000000e+00,  1.808465e+02,  0.000000e+00,  -4.446921e+01,  0.000000e+00,  -4.450697e+01,  -0.000000e+00,  1.807381e+02
   8.470000e+09,  0.000000e+00,  -2.669039e+01,  -0.000000e+00,  1.798426e+02,  -0.000000e+00,  1.800598e+02,  0.000000e+00,  -2.594590e+01
   8.560000e+09,  0.000000e+00,  1.567571e+02,  0.000000e+00,  1.414727e+01,  0.000000e+00,  1.416549e+01,  -0.000000e+00,  1.568498e+02
   8.650000e+09,  0.000000e+00,  1.812963e+02,  0.000000e+00,  7.282266e+00,  0.000000e+00,  7.286273e+00,  -0.000000e+00,  1.813506e+02
   8.740000e+09,  0.000000e+00,  1.996129e+02,  0.000000e+00,  7.287687e+00,  0.000000e+00,  7.285099e+00,  -0.000000e+00,  1.996551e+02
   8.830000e+09,  0.000000e+00,  2.167967e+02,  0.000000e+00,  9.479938e+00,  0.000000e+00,  9.472639e+00,  -0.000000e+00,  2.168347e+02
   8.920000e+09,  0.000000e+00,  2.341951e+02,  -0.000000e+00,  1.300167e+01,  0.000000e+00,  1.299019e+01,  -0.000000e+00,  2.342326e+02
   9.010000e+09,  0.000000e+00,  2.525368e+02,  -0.000000e+00,  1.776807e+01,  0.000000e+00,  1.775236e+01,  -0.000000e+00,  2.525765e+02
   9.100000e+09,  0.000000e+00,  2.724747e+02,  -0.000000e+00,  2.402764e+01,  0.000000e+00,  2.400724e+01,  -0.000000e+00,  2.725193e+02
   9.190000e+09,  0.000000e+00,  2.948067e+02,  -0.000000e+00,  3.232317e+01,  0.000000e+00,  3.229723e+01,  -0.000000e+00,  2.948588e+02
   9.280000e+09,  0.000000e+00,  3.206924e+02,  -0.000000e+00,  4.361831e+01,  0.000000e+00,  4.358541e+01,  -0.000000e+00,  3.207559e+02
   9.370000e+09,  0.000000e+00,  3.520311e+02,  0.000000e+00,  5.963555e+01,  0.000000e+00,  5.959337e+01,  -0.000000e+00,  3.521116e+02
   9.460000e+09,  0.000000e+00,  3.923029e+02,  0.000000e+00,  8.367680e+01,  0.000000e+00,  8.362137e+01,  -0.000000e+00,  3.924095e+02
   9.550000e+09,  0.000000e+00,  4.488206e+02,  -0.000000e+00,  1.228620e+02,  0.000000e+00,  1.227858e+02,  -0.000000e+00,  4.489704e+02
   9.640000e+09,  0.000000e+00,  5.403168e+02,  0.000000e+00,  1.957092e+02,  0.000000e+00,  1.955959e+02,  -0.000000e+00,  5.405471e+02
   9.730000e+09,  0.000000e+00,  7.344030e+02,  0.000000e+00,  3.696084e+02,  0.000000e+00,  3.694090e+02,  -0.000000e+00,  7.348248e+02
   9.820000e+09,  0.000000e+00,  1.614985e+03,  -0.000000e+00,  1.228588e+03,  0.000000e+00,  1.227972e+03,  -0.000000e+00,  1.616350e+03
   9.910000e+09,  0.000000e+00,  -1.125018e+03,  0.000000e+00,  -1.538258e+03,  0.000000e+00,  -1.537543e+03,  0.000000e+00,  -1.126684e+03
   1.000000e+10,  0.000000e+00,  -1.305483e+02,  0.000000e+00,  -5.706131e+02,  0.000000e+00,  -5.703686e+02,  0.000000e+00,  -1.311508e+02
