68
10.000000 85.000000 0.000000 10.000000
10.000000 140.000000 0.000000 10.000000
60.000000 140.000000 0.000000 10.000000
110.000000 140.000000 0.000000 10.000000
160.000000 140.000000 0.000000 10.000000
160.000000 185.000000 0.000000 10.000000
160.000000 230.000000 0.000000 10.000000
110.000000 230.000000 0.000000 10.000000
60.000000 230.000000 0.000000 10.000000
10.000000 230.000000 0.000000 10.000000
-40.000000 230.000000 0.000000 10.000000
-90.000000 230.000000 0.000000 10.000000
-140.000000 230.000000 0.000000 10.000000
-140.000000 280.000000 0.000000 10.000000
-90.000000 280.000000 0.000000 10.000000
-40.000000 280.000000 0.000000 10.000000
10.000000 280.000000 0.000000 10.000000
60.000000 280.000000 0.000000 10.000000
110.000000 280.000000 0.000000 10.000000
160.000000 280.000000 0.000000 10.000000
160.000000 325.000000 0.000000 10.000000
160.000000 370.000000 0.000000 10.000000
110.000000 370.000000 0.000000 10.000000
60.000000 370.000000 0.000000 10.000000
10.000000 370.000000 0.000000 10.000000
-40.000000 370.000000 0.000000 10.000000
-90.000000 370.000000 0.000000 10.000000
-140.000000 370.000000 0.000000 10.000000
-140.000000 420.000000 0.000000 10.000000
-90.000000 420.000000 0.000000 10.000000
-40.000000 420.000000 0.000000 10.000000
10.000000 420.000000 0.000000 10.000000
10.000000 462.500000 0.000000 10.000000
10.000000 505.000000 0.000000 10.000000
-10.000000 85.000000 0.000000 10.000000
-10.000000 122.500000 0.000000 10.000000
-10.000000 160.000000 0.000000 10.000000
40.000000 160.000000 0.000000 10.000000
90.000000 160.000000 0.000000 10.000000
140.000000 160.000000 0.000000 10.000000
140.000000 210.000000 0.000000 10.000000
90.000000 210.000000 0.000000 10.000000
40.000000 210.000000 0.000000 10.000000
-10.000000 210.000000 0.000000 10.000000
-60.000000 210.000000 0.000000 10.000000
-110.000000 210.000000 0.000000 10.000000
-160.000000 210.000000 0.000000 10.000000
-160.000000 255.000000 0.000000 10.000000
-160.000000 300.000000 0.000000 10.000000
-110.000000 300.000000 0.000000 10.000000
-60.000000 300.000000 0.000000 10.000000
-10.000000 300.000000 0.000000 10.000000
40.000000 300.000000 0.000000 10.000000
90.000000 300.000000 0.000000 10.000000
140.000000 300.000000 0.000000 10.000000
140.000000 350.000000 0.000000 10.000000
90.000000 350.000000 0.000000 10.000000
40.000000 350.000000 0.000000 10.000000
-10.000000 350.000000 0.000000 10.000000
-60.000000 350.000000 0.000000 10.000000
-110.000000 350.000000 0.000000 10.000000
-160.000000 350.000000 0.000000 10.000000
-160.000000 395.000000 0.000000 10.000000
-160.000000 440.000000 0.000000 10.000000
-110.000000 440.000000 0.000000 10.000000
-60.000000 440.000000 0.000000 10.000000
-10.000000 440.000000 0.000000 10.000000
-10.000000 505.000000 0.000000 10.000000
