8.3333333333e-13 60
1.1851996440e-02
4.6846106482e-02
1.0332332985e-01
1.7860619516e-01
2.6912569338e-01
3.7059047745e-01
4.7819030632e-01
5.8682408883e-01
6.9134171618e-01
7.8678821818e-01
8.6863866841e-01
9.3301270189e-01
9.7685847537e-01
9.9809734905e-01
1.0000000000e+00
1.0000000000e+00
1.0000000000e+00
1.0000000000e+00
1.0000000000e+00
1.0000000000e+00
1.0000000000e+00
1.0000000000e+00
1.0000000000e+00
1.0000000000e+00
1.0000000000e+00
1.0000000000e+00
1.0000000000e+00
1.0000000000e+00
1.0000000000e+00
1.0000000000e+00
1.0000000000e+00
1.0000000000e+00
1.0000000000e+00
1.0000000000e+00
1.0000000000e+00
1.0000000000e+00
1.0000000000e+00
1.0000000000e+00
1.0000000000e+00
1.0000000000e+00
1.0000000000e+00
1.0000000000e+00
1.0000000000e+00
1.0000000000e+00
1.0000000000e+00
1.0000000000e+00
1.0000000000e+00
1.0000000000e+00
1.0000000000e+00
1.0000000000e+00
1.0000000000e+00
1.0000000000e+00
1.0000000000e+00
1.0000000000e+00
1.0000000000e+00
1.0000000000e+00
1.0000000000e+00
1.0000000000e+00
1.0000000000e+00
1.0000000000e+00
